1,  0.12
2,  0.12
3,  0.10
4,  0.11
5,  0.08
6,  0.11
7,  0.11
8,  0.10
9,  0.10
10,  0.12
11,  0.13
12,  0.14
13,  0.13
14,  0.14
15,  0.20
16,  0.26
17,  0.30
18,  0.39
19,  0.41
20,  0.46
21,  0.57
22,  0.62
23,  0.56
24,  0.59
25,  0.37
26,  0.48
27,  0.44
28,  0.51
29,  0.49
30,  0.51
31,  0.54
32,  0.57
33,  0.56
34,  0.61
35,  0.59
36,  0.62
37,  0.65
38,  0.65
39,  0.65
40,  0.65
41,  0.65
42,  0.68
43,  0.65
44,  0.65
45,  0.69
46,  0.69
47,  0.67
48,  0.68
49,  0.67
50,  0.70
51,  0.72
52,  0.69
53,  0.67
54,  0.69
55,  0.72
56,  0.70
57,  0.72
58,  0.72
59,  0.75
60,  0.71
61,  0.74
62,  0.73
63,  0.73
64,  0.73
65,  0.73
66,  0.75
67,  0.72
68,  0.78
69,  0.76
70,  0.77
71,  0.76
72,  0.75
73,  0.78
74,  0.79
75,  0.50
76,  0.78
77,  0.78
78,  0.78
79,  0.80
80,  0.79
81,  0.81
82,  0.78
83,  0.79
84,  0.80
85,  0.81
86,  0.80
87,  0.81
88,  0.80
89,  0.80
90,  0.81
91,  0.81
92,  0.82
93,  0.81
94,  0.83
95,  0.83
96,  0.78
97,  0.83
98,  0.83
99,  0.82
100,  0.83
101,  0.82
102,  0.83
103,  0.84
104,  0.85
105,  0.86
106,  0.85
107,  0.83
108,  0.85
109,  0.86
110,  0.85
111,  0.86
112,  0.84
113,  0.82
114,  0.84
115,  0.84
116,  0.85
117,  0.85
118,  0.85
119,  0.83
120,  0.84
121,  0.86
122,  0.84
123,  0.87
124,  0.87
125,  0.84
126,  0.88
127,  0.87
128,  0.84
129,  0.86
130,  0.87
131,  0.86
132,  0.85
133,  0.88
134,  0.87
135,  0.81
136,  0.88
137,  0.87
138,  0.88
139,  0.85
140,  0.87
141,  0.86
142,  0.86
143,  0.84
144,  0.86
145,  0.87
146,  0.87
147,  0.78
148,  0.86
149,  0.88
150,  0.87
151,  0.86
152,  0.85
153,  0.84
154,  0.84
155,  0.84
156,  0.82
157,  0.85
158,  0.86
159,  0.86
160,  0.85
161,  0.85
162,  0.83
163,  0.82
164,  0.82
165,  0.84
166,  0.85
167,  0.82
168,  0.86
169,  0.84
170,  0.84
171,  0.82
172,  0.84
173,  0.80
174,  0.83
175,  0.83
176,  0.84
177,  0.83
178,  0.82
179,  0.83
180,  0.83
181,  0.83
182,  0.80
183,  0.84
184,  0.85
185,  0.83
186,  0.83
187,  0.86
188,  0.88
189,  0.84
190,  0.82
191,  0.82
192,  0.82
193,  0.86
194,  0.86
195,  0.83
196,  0.83
197,  0.82
198,  0.84
199,  0.85
200,  0.82
201,  0.84
202,  0.83
203,  0.84
204,  0.79
205,  0.83
206,  0.75
207,  0.82
208,  0.77
209,  0.81
210,  0.80
211,  0.84
212,  0.85
213,  0.81
214,  0.85
215,  0.87
216,  0.87
217,  0.86
218,  0.78
219,  0.80
220,  0.80
221,  0.82
222,  0.83
223,  0.83
224,  0.80
225,  0.84
226,  0.84
227,  0.83
228,  0.80
229,  0.82
230,  0.81
231,  0.82
232,  0.82
233,  0.83
234,  0.83
235,  0.82
236,  0.79
237,  0.82
238,  0.76
239,  0.81
240,  0.82
241,  0.78
242,  0.80
243,  0.82
244,  0.79
245,  0.82
246,  0.81
247,  0.78
248,  0.82
249,  0.82
250,  0.79
251,  0.79
252,  0.78
253,  0.79
254,  0.79
255,  0.76
256,  0.75
257,  0.79
258,  0.80
259,  0.78
260,  0.79
261,  0.81
262,  0.83
263,  0.80
264,  0.81
265,  0.79
266,  0.78
267,  0.80
268,  0.76
269,  0.79
270,  0.82
271,  0.79
272,  0.81
273,  0.79
274,  0.75
275,  0.78
276,  0.78
277,  0.76
278,  0.79
279,  0.76
280,  0.78
281,  0.81
282,  0.83
283,  0.82
284,  0.78
285,  0.78
286,  0.81
287,  0.81
288,  0.80
289,  0.78
290,  0.75
291,  0.79
292,  0.76
293,  0.76
294,  0.81
295,  0.81
296,  0.79
297,  0.74
298,  0.76
299,  0.81
300,  0.81
301,  0.82
302,  0.81
303,  0.81
304,  0.76
305,  0.80
306,  0.81
307,  0.78
308,  0.79
309,  0.80
310,  0.76
311,  0.76
312,  0.79
313,  0.79
314,  0.78
315,  0.79
316,  0.80
317,  0.77
318,  0.80
319,  0.76
320,  0.79
321,  0.77
322,  0.78
323,  0.78
324,  0.72
325,  0.74
326,  0.74
327,  0.76
328,  0.76
329,  0.77
330,  0.80
331,  0.77
332,  0.79
333,  0.80
334,  0.79
335,  0.79
336,  0.75
337,  0.78
338,  0.78
339,  0.72
340,  0.75
341,  0.76
342,  0.76
343,  0.73
344,  0.76
345,  0.76
346,  0.79
347,  0.75
348,  0.80
349,  0.79
350,  0.78
351,  0.79
352,  0.78
353,  0.82
354,  0.81
355,  0.77
356,  0.78
357,  0.75
358,  0.74
359,  0.78
360,  0.82
361,  0.77
362,  0.77
363,  0.82
364,  0.84
365,  0.77
366,  0.76
367,  0.79
368,  0.76
369,  0.79
370,  0.81
371,  0.78
372,  0.77
373,  0.80
374,  0.77
375,  0.79
376,  0.74
377,  0.77
378,  0.79
379,  0.76
380,  0.77
381,  0.76
382,  0.77
383,  0.79
384,  0.76
385,  0.79
386,  0.83
387,  0.79
388,  0.77
389,  0.75
390,  0.74
391,  0.74
392,  0.78
393,  0.76
394,  0.78
395,  0.82
396,  0.80
397,  0.78
398,  0.80
399,  0.78
400,  0.79
401,  0.76
402,  0.79
403,  0.84
404,  0.80
405,  0.81
406,  0.83
407,  0.78
408,  0.78
409,  0.79
410,  0.78
411,  0.82
412,  0.77
413,  0.77
414,  0.77
415,  0.78
416,  0.81
417,  0.82
418,  0.77
419,  0.75
420,  0.80
421,  0.76
422,  0.80
423,  0.78
424,  0.77
425,  0.81
426,  0.72
427,  0.80
428,  0.78
429,  0.81
430,  0.78
431,  0.74
432,  0.77
433,  0.80
434,  0.74
435,  0.76
436,  0.81
437,  0.79
438,  0.76
439,  0.75
440,  0.81
441,  0.76
442,  0.78
443,  0.78
444,  0.78
445,  0.79
446,  0.76
447,  0.81
448,  0.77
449,  0.78
450,  0.79
451,  0.78
452,  0.79
453,  0.77
454,  0.75
455,  0.79
456,  0.76
457,  0.77
458,  0.77
459,  0.80
460,  0.79
461,  0.76
462,  0.74
463,  0.75
464,  0.75
465,  0.75
466,  0.79
467,  0.75
468,  0.78
469,  0.76
470,  0.82
471,  0.76
472,  0.76
473,  0.75
474,  0.79
475,  0.80
476,  0.76
477,  0.72
478,  0.80
479,  0.79
480,  0.81
481,  0.74
482,  0.78
483,  0.76
484,  0.79
485,  0.76
486,  0.71
487,  0.77
488,  0.78
489,  0.76
490,  0.77
491,  0.76
492,  0.75
493,  0.73
494,  0.75
495,  0.76
496,  0.75
497,  0.75
498,  0.79
499,  0.81
500,  0.75
501,  0.75
502,  0.77
503,  0.75
504,  0.75
505,  0.77
506,  0.79
507,  0.76
508,  0.74
509,  0.77
510,  0.78
511,  0.76
512,  0.76
513,  0.79
514,  0.77
515,  0.78
516,  0.78
517,  0.81
518,  0.81
519,  0.78
520,  0.75
521,  0.74
522,  0.79
523,  0.74
524,  0.76
525,  0.79
526,  0.76
527,  0.79
528,  0.77
529,  0.76
530,  0.73
531,  0.75
532,  0.75
533,  0.75
534,  0.76
535,  0.75
536,  0.75
537,  0.79
538,  0.74
539,  0.76
540,  0.76
541,  0.77
542,  0.78
543,  0.78
544,  0.75
545,  0.74
546,  0.77
547,  0.74
548,  0.78
549,  0.77
550,  0.78
551,  0.77
552,  0.78
553,  0.80
554,  0.73
555,  0.75
556,  0.77
557,  0.77
558,  0.73
559,  0.74
560,  0.77
561,  0.74
562,  0.76
563,  0.76
564,  0.76
565,  0.75
566,  0.78
567,  0.80
568,  0.78
569,  0.76
570,  0.72
571,  0.75
572,  0.77
573,  0.75
574,  0.76
575,  0.77
576,  0.78
577,  0.76
578,  0.75
579,  0.76
580,  0.76
581,  0.72
582,  0.77
583,  0.74
584,  0.74
585,  0.72
586,  0.75
587,  0.75
588,  0.74
589,  0.75
590,  0.74
591,  0.76
592,  0.75
593,  0.76
594,  0.74
595,  0.72
596,  0.74
597,  0.75
598,  0.78
599,  0.76
600,  0.74
601,  0.73
602,  0.76
603,  0.75
604,  0.73
605,  0.74
606,  0.77
607,  0.72
608,  0.73
609,  0.72
610,  0.78
611,  0.74
612,  0.76
613,  0.76
614,  0.78
615,  0.76
616,  0.72
617,  0.74
618,  0.73
619,  0.77
620,  0.75
621,  0.75
622,  0.74
623,  0.73
624,  0.75
625,  0.75
626,  0.72
627,  0.75
628,  0.73
629,  0.76
630,  0.75
631,  0.74
632,  0.75
633,  0.72
634,  0.72
635,  0.73
636,  0.72
637,  0.69
638,  0.76
639,  0.72
640,  0.75
641,  0.70
642,  0.75
643,  0.77
644,  0.78
645,  0.76
646,  0.72
647,  0.74
648,  0.71
649,  0.74
650,  0.75
651,  0.71
652,  0.74
653,  0.72
654,  0.72
655,  0.75
656,  0.72
657,  0.70
658,  0.71
659,  0.72
660,  0.71
661,  0.72
662,  0.74
663,  0.75
664,  0.75
665,  0.73
666,  0.75
667,  0.74
668,  0.73
669,  0.74
670,  0.75
671,  0.75
672,  0.78
673,  0.75
674,  0.76
675,  0.74
676,  0.76
677,  0.74
678,  0.72
679,  0.73
680,  0.74
681,  0.75
682,  0.70
683,  0.73
684,  0.76
685,  0.75
686,  0.74
687,  0.73
688,  0.75
689,  0.74
690,  0.74
691,  0.75
692,  0.74
693,  0.74
694,  0.73
695,  0.76
696,  0.75
697,  0.70
698,  0.73
699,  0.71
700,  0.76
701,  0.71
702,  0.74
703,  0.71
704,  0.72
705,  0.78
706,  0.73
707,  0.69
708,  0.73
709,  0.73
710,  0.74
711,  0.73
712,  0.75
713,  0.74
714,  0.75
715,  0.71
716,  0.75
717,  0.74
718,  0.74
719,  0.73
720,  0.72
721,  0.68
722,  0.75
723,  0.73
724,  0.72
725,  0.70
726,  0.72
727,  0.74
728,  0.74
729,  0.79
730,  0.75
731,  0.78
732,  0.75
733,  0.70
734,  0.74
735,  0.72
736,  0.76
737,  0.75
738,  0.74
739,  0.73
740,  0.72
741,  0.72
742,  0.73
743,  0.71
744,  0.72
745,  0.73
746,  0.71
747,  0.71
748,  0.70
749,  0.72
750,  0.74
751,  0.73
752,  0.74
753,  0.72
754,  0.72
755,  0.67
756,  0.76
757,  0.75
758,  0.78
759,  0.74
760,  0.73
761,  0.69
762,  0.71
763,  0.72
764,  0.70
765,  0.73
766,  0.70
767,  0.72
768,  0.73
769,  0.76
770,  0.71
771,  0.73
772,  0.70
773,  0.71
774,  0.72
775,  0.73
776,  0.74
777,  0.75
778,  0.74
779,  0.73
780,  0.72
781,  0.72
782,  0.72
783,  0.74
784,  0.77
785,  0.73
786,  0.70
787,  0.73
788,  0.71
789,  0.73
790,  0.69
791,  0.72
792,  0.69
793,  0.70
794,  0.69
795,  0.71
796,  0.71
797,  0.68
798,  0.69
799,  0.70
800,  0.72
801,  0.70
802,  0.68
803,  0.71
804,  0.70
805,  0.75
806,  0.73
807,  0.72
808,  0.73
809,  0.70
810,  0.72
811,  0.70
812,  0.72
813,  0.74
814,  0.73
815,  0.72
816,  0.75
817,  0.71
818,  0.76
819,  0.71
820,  0.71
821,  0.72
822,  0.72
823,  0.71
824,  0.72
825,  0.74
826,  0.75
827,  0.71
828,  0.71
829,  0.73
830,  0.71
831,  0.70
832,  0.74
833,  0.73
834,  0.72
835,  0.69
836,  0.71
837,  0.71
838,  0.70
839,  0.69
840,  0.71
841,  0.72
842,  0.70
843,  0.72
844,  0.72
845,  0.72
846,  0.71
847,  0.71
848,  0.71
849,  0.70
850,  0.71
851,  0.71
852,  0.67
853,  0.70
854,  0.69
855,  0.70
856,  0.71
857,  0.68
858,  0.65
859,  0.67
860,  0.66
861,  0.68
862,  0.67
863,  0.70
864,  0.70
865,  0.70
866,  0.73
867,  0.73
868,  0.72
869,  0.71
870,  0.70
871,  0.70
872,  0.72
873,  0.72
874,  0.71
875,  0.70
876,  0.69
877,  0.72
878,  0.69
879,  0.72
880,  0.72
881,  0.70
882,  0.71
883,  0.73
884,  0.72
885,  0.73
886,  0.70
887,  0.72
888,  0.73
889,  0.72
890,  0.74
891,  0.72
892,  0.71
893,  0.75
894,  0.73
895,  0.72
896,  0.76
897,  0.72
898,  0.69
899,  0.71
900,  0.72
901,  0.70
902,  0.70
903,  0.70
904,  0.73
905,  0.71
906,  0.69
907,  0.72
908,  0.70
909,  0.71
910,  0.73
911,  0.72
912,  0.71
913,  0.70
914,  0.69
915,  0.68
916,  0.72
917,  0.69
918,  0.69
919,  0.72
920,  0.71
921,  0.74
922,  0.69
923,  0.69
924,  0.67
925,  0.69
926,  0.70
927,  0.71
928,  0.69
929,  0.69
930,  0.69
931,  0.72
932,  0.72
933,  0.72
934,  0.68
935,  0.68
936,  0.70
937,  0.68
938,  0.69
939,  0.69
940,  0.67
941,  0.67
942,  0.69
943,  0.73
944,  0.71
945,  0.68
946,  0.67
947,  0.68
948,  0.69
949,  0.69
950,  0.68
951,  0.73
952,  0.65
953,  0.67
954,  0.68
955,  0.68
956,  0.67
957,  0.70
958,  0.70
959,  0.70
960,  0.71
961,  0.70
962,  0.67
963,  0.70
964,  0.69
965,  0.73
966,  0.69
967,  0.70
968,  0.69
969,  0.71
970,  0.70
971,  0.68
972,  0.72
973,  0.68
974,  0.67
975,  0.73
976,  0.70
977,  0.69
978,  0.68
979,  0.70
980,  0.66
981,  0.71
982,  0.68
983,  0.66
984,  0.70
985,  0.67
986,  0.68
987,  0.70
988,  0.69
989,  0.69
990,  0.66
991,  0.71
992,  0.73
993,  0.69
994,  0.69
995,  0.72
996,  0.67
997,  0.69
998,  0.70
999,  0.70
1000,  0.67
1001,  0.67
1002,  0.70
1003,  0.73
1004,  0.70
1005,  0.67
1006,  0.66
1007,  0.68
1008,  0.71
1009,  0.72
1010,  0.69
1011,  0.70
1012,  0.67
1013,  0.68
1014,  0.69
1015,  0.69
1016,  0.68
1017,  0.68
1018,  0.67
1019,  0.70
1020,  0.68
1021,  0.69
1022,  0.70
1023,  0.65
1024,  0.69
1025,  0.71
1026,  0.66
1027,  0.67
1028,  0.68
1029,  0.66
1030,  0.68
1031,  0.67
1032,  0.72
1033,  0.66
1034,  0.68
1035,  0.70
1036,  0.65
1037,  0.67
1038,  0.67
1039,  0.69
1040,  0.69
1041,  0.67
1042,  0.67
1043,  0.66
1044,  0.67
1045,  0.67
1046,  0.70
1047,  0.68
1048,  0.71
1049,  0.65
1050,  0.71
1051,  0.66
1052,  0.65
1053,  0.66
1054,  0.65
1055,  0.69
1056,  0.70
1057,  0.68
1058,  0.66
1059,  0.69
1060,  0.64
1061,  0.68
1062,  0.66
1063,  0.67
1064,  0.67
1065,  0.67
1066,  0.69
1067,  0.64
1068,  0.67
1069,  0.65
1070,  0.68
1071,  0.67
1072,  0.68
1073,  0.66
1074,  0.64
1075,  0.66
1076,  0.69
1077,  0.69
1078,  0.68
1079,  0.65
1080,  0.65
1081,  0.66
1082,  0.67
1083,  0.66
1084,  0.67
1085,  0.68
1086,  0.65
1087,  0.70
1088,  0.68
1089,  0.67
1090,  0.68
1091,  0.67
1092,  0.68
1093,  0.67
1094,  0.68
1095,  0.69
1096,  0.68
1097,  0.69
1098,  0.68
1099,  0.66
1100,  0.67
1101,  0.69
1102,  0.65
1103,  0.67
1104,  0.67
1105,  0.71
1106,  0.68
1107,  0.66
1108,  0.65
1109,  0.73
1110,  0.67
1111,  0.66
1112,  0.72
1113,  0.67
1114,  0.70
1115,  0.70
1116,  0.71
1117,  0.69
1118,  0.69
1119,  0.69
1120,  0.71
1121,  0.70
1122,  0.67
1123,  0.69
1124,  0.74
1125,  0.70
1126,  0.70
1127,  0.70
1128,  0.69
1129,  0.68
1130,  0.67
1131,  0.69
1132,  0.68
1133,  0.67
1134,  0.68
1135,  0.70
1136,  0.64
1137,  0.66
1138,  0.64
1139,  0.68
1140,  0.64
1141,  0.65
1142,  0.65
1143,  0.69
1144,  0.67
1145,  0.67
1146,  0.68
1147,  0.67
1148,  0.66
1149,  0.64
1150,  0.67
1151,  0.68
1152,  0.69
1153,  0.66
1154,  0.68
1155,  0.67
1156,  0.69
1157,  0.69
1158,  0.60
1159,  0.69
1160,  0.64
1161,  0.67
1162,  0.69
1163,  0.70
1164,  0.69
1165,  0.65
1166,  0.67
1167,  0.65
1168,  0.65
1169,  0.64
1170,  0.65
1171,  0.64
1172,  0.67
1173,  0.66
1174,  0.66
1175,  0.71
1176,  0.70
1177,  0.68
1178,  0.70
1179,  0.70
1180,  0.70
1181,  0.66
1182,  0.68
1183,  0.65
1184,  0.68
1185,  0.69
1186,  0.65
1187,  0.68
1188,  0.65
1189,  0.65
1190,  0.66
1191,  0.69
1192,  0.68
1193,  0.63
1194,  0.66
1195,  0.65
1196,  0.68
1197,  0.68
1198,  0.69
1199,  0.67
1200,  0.67
1201,  0.68
1202,  0.67
1203,  0.69
1204,  0.66
1205,  0.69
1206,  0.65
1207,  0.64
1208,  0.66
1209,  0.64
1210,  0.66
1211,  0.63
1212,  0.68
1213,  0.65
1214,  0.66
1215,  0.66
1216,  0.69
1217,  0.66
1218,  0.69
1219,  0.67
1220,  0.68
1221,  0.67
1222,  0.66
1223,  0.64
1224,  0.68
1225,  0.66
1226,  0.69
1227,  0.73
1228,  0.76
1229,  0.69
1230,  0.71
1231,  0.65
1232,  0.69
1233,  0.68
1234,  0.70
1235,  0.71
1236,  0.67
1237,  0.72
1238,  0.73
1239,  0.75
1240,  0.69
1241,  0.66
1242,  0.65
1243,  0.67
1244,  0.70
1245,  0.70
1246,  0.69
1247,  0.67
1248,  0.72
1249,  0.72
1250,  0.63
1251,  0.75
1252,  0.73
1253,  0.72
1254,  0.68
1255,  0.62
1256,  0.70
1257,  0.69
1258,  0.67
1259,  0.64
1260,  0.62
1261,  0.71
1262,  0.72
1263,  0.70
1264,  0.69
1265,  0.69
1266,  0.69
1267,  0.65
1268,  0.61
1269,  0.65
1270,  0.65
1271,  0.64
1272,  0.68
1273,  0.69
1274,  0.68
1275,  0.60
1276,  0.65
1277,  0.66
1278,  0.65
1279,  0.61
1280,  0.61
1281,  0.65
1282,  0.60
1283,  0.64
1284,  0.64
1285,  0.64
1286,  0.63
1287,  0.66
1288,  0.59
1289,  0.67
1290,  0.67
1291,  0.68
1292,  0.70
1293,  0.66
1294,  0.67
1295,  0.65
1296,  0.64
1297,  0.66
1298,  0.67
1299,  0.65
1300,  0.65
1301,  0.62
1302,  0.66
1303,  0.66
1304,  0.62
1305,  0.66
1306,  0.66
1307,  0.69
1308,  0.69
1309,  0.65
1310,  0.65
1311,  0.66
1312,  0.70
1313,  0.68
1314,  0.64
1315,  0.68
1316,  0.66
1317,  0.69
1318,  0.69
1319,  0.68
1320,  0.70
1321,  0.63
1322,  0.62
1323,  0.71
1324,  0.67
1325,  0.64
1326,  0.65
1327,  0.61
1328,  0.64
1329,  0.63
1330,  0.61
1331,  0.71
1332,  0.70
1333,  0.68
1334,  0.69
1335,  0.61
1336,  0.66
1337,  0.68
1338,  0.70
1339,  0.70
1340,  0.63
1341,  0.64
1342,  0.64
1343,  0.63
1344,  0.69
1345,  0.67
1346,  0.69
1347,  0.70
1348,  0.67
1349,  0.66
1350,  0.66
1351,  0.64
1352,  0.71
1353,  0.76
1354,  0.75
1355,  0.74
1356,  0.77
1357,  0.79
1358,  0.79
1359,  0.80
1360,  0.79
1361,  0.75
1362,  0.72
1363,  0.94
1364,  0.98
1365,  0.95
1366,  0.92
1367,  1.00
1368,  0.94
1369,  0.93
1370,  0.94
1371,  0.93
1372,  0.93
1373,  0.95
1374,  0.95
1375,  0.95
1376,  0.95
1377,  0.95
1378,  0.94
1379,  0.93
1380,  0.93
1381,  0.93
1382,  0.90
1383,  0.91
1384,  0.91
1385,  0.86
1386,  0.85
1387,  0.85
1388,  0.88
1389,  0.90
1390,  0.88
1391,  0.89
1392,  0.87
1393,  0.89
1394,  0.88
1395,  0.85
1396,  0.88
1397,  0.90
1398,  0.87
1399,  0.85
1400,  0.85
1401,  0.87
1402,  0.83
1403,  0.86
1404,  0.87
1405,  0.83
1406,  0.88
1407,  0.86
1408,  0.85
1409,  0.85
1410,  0.85
1411,  0.83
1412,  0.83
1413,  0.86
1414,  0.83
1415,  0.83
1416,  0.84
1417,  0.85
1418,  0.85
1419,  0.87
1420,  0.85
1421,  0.85
1422,  0.85
1423,  0.86
1424,  0.85
1425,  0.85
1426,  0.85
1427,  0.88
1428,  0.86
1429,  0.84
1430,  0.84
1431,  0.82
1432,  0.84
1433,  0.85
1434,  0.84
1435,  0.85
1436,  0.85
1437,  0.86
1438,  0.85
1439,  0.86
1440,  0.86
1441,  0.89
1442,  0.86
1443,  0.88
1444,  0.86
1445,  0.87
1446,  0.88
1447,  0.87
1448,  0.86
1449,  0.86
1450,  0.88
1451,  0.86
1452,  0.85
1453,  0.87
1454,  0.87
1455,  0.87
1456,  0.87
1457,  0.88
1458,  0.87
1459,  0.90
1460,  0.17
1461,  0.02
1462,  0.00
1463,  0.00
1464,  0.00
1465,  0.00
1466,  0.00
1467,  0.00
1468,  0.00
1469,  0.00
1470,  0.00
1471,  0.00
1472,  0.00
1473,  0.00
1474,  0.00
1475,  0.00
1476,  0.02
1477,  0.44
1478,  0.35
1479,  0.52
1480,  0.57
1481,  0.51
1482,  0.44
1483,  0.56
1484,  0.44
1485,  0.17
1486,  0.18
1487,  0.32
1488,  0.10
1489,  0.06
1490,  0.06
1491,  0.07
1492,  0.05
1493,  0.05
1494,  0.06
1495,  0.05
1496,  0.08
1497,  0.12
1498,  0.20
1499,  0.73
1500,  0.84
1501,  0.96
1502,  0.22
1503,  0.00
1504,  0.00
1505,  0.00
1506,  0.00
1507,  0.01
1508,  0.25
1509,  0.24
1510,  0.50
1511,  0.50
1512,  0.48
1513,  0.48
1514,  0.56
1515,  0.44
1516,  0.26
1517,  0.43
1518,  0.41
1519,  0.02
1520,  0.76
1521,  0.80
1522,  0.87
1523,  0.89
1524,  0.87
1525,  0.90
1526,  0.93
1527,  0.96
1528,  0.97
1529,  0.94
1530,  0.90
1531,  0.93
1532,  0.93
1533,  0.91
1534,  0.93
1535,  0.95
1536,  0.95
1537,  0.99
1538,  1.00
1539,  0.99
1540,  0.94
1541,  0.80
1542,  0.71
1543,  0.16
1544,  0.00
1545,  0.04
1546,  0.40
1547,  0.00
1548,  0.00
1549,  0.00
1550,  0.00
1551,  0.00
1552,  0.00
1553,  0.00
1554,  0.00
1555,  0.00
1556,  0.00
1557,  0.00
1558,  0.00
1559,  0.00
1560,  0.00
1561,  0.00
1562,  0.00
1563,  0.00
1564,  0.00
1565,  0.00
1566,  0.00
1567,  0.00
1568,  0.00
1569,  0.00
1570,  0.01
1571,  0.60
1572,  0.93
1573,  0.90
1574,  0.72
1575,  0.45
1576,  0.82
1577,  0.65
1578,  0.69
1579,  0.62
1580,  0.76
1581,  0.84
1582,  0.91
1583,  0.77
1584,  0.74
1585,  0.67
1586,  0.72
1587,  0.74
1588,  0.75
1589,  0.73
1590,  0.72
1591,  0.69
1592,  0.63
1593,  0.72
1594,  0.78
1595,  0.85
1596,  0.74
1597,  0.80
1598,  0.84
1599,  0.81
1600,  0.84
1601,  0.85
1602,  0.84
1603,  0.86
1604,  0.86
1605,  0.86
1606,  0.86
1607,  0.87
1608,  0.88
1609,  0.85
1610,  0.88
1611,  0.88
1612,  0.83
1613,  0.90
1614,  0.86
1615,  0.91
1616,  0.89
1617,  0.91
1618,  0.91
1619,  0.87
1620,  0.90
1621,  0.64
1622,  0.72
1623,  0.89
1624,  0.95
1625,  0.97
1626,  0.95
1627,  0.99
1628,  0.98
1629,  0.91
1630,  0.99
1631,  0.97
1632,  0.96
1633,  0.98
1634,  0.97
1635,  0.97
1636,  0.76
1637,  0.87
1638,  0.91
1639,  0.94
1640,  0.94
1641,  0.93
1642,  0.92
1643,  0.92
1644,  0.92
1645,  0.95
1646,  0.92
1647,  0.92
1648,  0.91
1649,  0.88
1650,  0.90
1651,  0.92
1652,  0.89
1653,  0.85
1654,  0.88
1655,  0.89
1656,  0.90
1657,  0.85
1658,  0.90
1659,  0.90
1660,  0.92
1661,  0.80
1662,  0.88
1663,  0.82
1664,  0.57
1665,  0.68
1666,  0.98
1667,  0.97
1668,  0.48
1669,  0.67
1670,  0.79
1671,  0.79
1672,  0.80
1673,  0.83
1674,  0.81
1675,  0.85
1676,  0.83
1677,  0.85
1678,  0.87
1679,  0.83
1680,  0.88
1681,  0.85
1682,  0.86
1683,  0.83
1684,  0.80
1685,  0.83
1686,  0.86
1687,  0.86
1688,  0.84
1689,  0.85
1690,  0.87
1691,  0.86
1692,  0.86
1693,  0.86
1694,  0.88
1695,  0.87
1696,  0.87
1697,  0.84
1698,  0.89
1699,  0.89
1700,  0.86
1701,  0.87
1702,  0.89
1703,  0.90
1704,  0.88
1705,  0.86
1706,  0.87
1707,  0.86
1708,  0.83
1709,  0.79
1710,  0.84
1711,  0.85
1712,  0.83
1713,  0.88
1714,  0.88
1715,  0.81
1716,  0.80
1717,  0.80
1718,  0.76
1719,  0.80
1720,  0.81
1721,  0.83
1722,  0.81
1723,  0.81
1724,  0.82
1725,  0.80
1726,  0.80
1727,  0.81
1728,  0.84
1729,  0.85
1730,  0.77
1731,  0.79
1732,  0.81
1733,  0.86
1734,  0.83
1735,  0.84
1736,  0.80
1737,  0.83
1738,  0.86
1739,  0.87
1740,  0.85
1741,  0.84
1742,  0.80
1743,  0.84
1744,  0.81
1745,  0.82
1746,  0.84
1747,  0.82
1748,  0.82
1749,  0.85
1750,  0.87
1751,  0.84
1752,  0.81
1753,  0.88
1754,  0.85
1755,  0.82
1756,  0.81
1757,  0.83
1758,  0.79
1759,  0.76
1760,  0.79
1761,  0.80
1762,  0.81
1763,  0.80
1764,  0.81
1765,  0.78
1766,  0.83
1767,  0.81
1768,  0.84
1769,  0.80
1770,  0.67
1771,  0.72
1772,  0.74
1773,  0.77
1774,  0.79
1775,  0.78
1776,  0.81
1777,  0.78
1778,  0.80
1779,  0.82
1780,  0.79
1781,  0.75
1782,  0.77
1783,  0.78
1784,  0.70
1785,  0.77
1786,  0.73
1787,  0.68
1788,  0.69
1789,  0.67
1790,  0.67
1791,  0.68
1792,  0.69
1793,  0.70
1794,  0.67
1795,  0.69
1796,  0.67
1797,  0.70
1798,  0.80
1799,  0.74
1800,  0.95
1801,  0.98
1802,  0.99
1803,  0.89
1804,  0.93
1805,  0.94
1806,  0.92
1807,  0.90
1808,  0.84
1809,  0.78
1810,  0.73
1811,  0.72
1812,  0.65
1813,  0.63
1814,  0.64
1815,  0.64
1816,  0.61
1817,  0.64
1818,  0.62
1819,  0.67
1820,  0.63
1821,  0.69
1822,  0.68
1823,  0.62
1824,  0.72
1825,  0.68
1826,  0.67
1827,  0.67
1828,  0.67
1829,  0.72
1830,  0.68
1831,  0.73
1832,  0.69
1833,  0.71
1834,  0.71
1835,  0.70
1836,  0.74
1837,  0.72
1838,  0.75
1839,  0.75
1840,  0.70
1841,  0.70
1842,  0.75
1843,  0.78
1844,  0.72
1845,  0.68
1846,  0.72
1847,  0.73
1848,  0.72
1849,  0.74
1850,  0.72
1851,  0.75
1852,  0.75
1853,  0.80
1854,  0.81
1855,  0.77
1856,  0.76
1857,  0.75
1858,  0.75
1859,  0.74
1860,  0.74
1861,  0.79
1862,  0.76
1863,  0.76
1864,  0.76
1865,  0.76
1866,  0.73
1867,  0.75
1868,  0.77
1869,  0.74
1870,  0.78
1871,  0.75
1872,  0.76
1873,  0.74
1874,  0.76
1875,  0.75
1876,  0.72
1877,  0.77
1878,  0.74
1879,  0.77
1880,  0.76
1881,  0.75
1882,  0.79
1883,  0.79
1884,  0.80
1885,  0.78
1886,  0.78
1887,  0.77
1888,  0.81
1889,  0.81
1890,  0.84
1891,  0.81
1892,  0.81
1893,  0.81
1894,  0.79
1895,  0.80
1896,  0.83
1897,  0.80
1898,  0.84
1899,  0.84
1900,  0.84
1901,  0.85
1902,  0.86
1903,  0.86
1904,  0.88
1905,  0.85
1906,  0.85
1907,  0.87
1908,  0.82
1909,  0.86
1910,  0.82
1911,  0.82
1912,  0.83
1913,  0.78
1914,  0.79
1915,  0.75
1916,  0.81
1917,  0.78
1918,  0.74
1919,  0.74
1920,  0.72
1921,  0.78
1922,  0.74
1923,  0.75
1924,  0.78
1925,  0.78
1926,  0.76
1927,  0.76
1928,  0.74
1929,  0.73
1930,  0.75
1931,  0.74
1932,  0.72
1933,  0.69
1934,  0.75
1935,  0.75
1936,  0.72
1937,  0.75
1938,  0.63
1939,  0.69
1940,  0.72
1941,  0.72
1942,  0.74
1943,  0.71
1944,  0.74
1945,  0.74
1946,  0.69
1947,  0.75
1948,  0.71
1949,  0.77
1950,  0.77
1951,  0.67
1952,  0.67
1953,  0.66
1954,  0.68
1955,  0.72
1956,  0.70
1957,  0.68
1958,  0.69
1959,  0.73
1960,  0.69
1961,  0.76
1962,  0.71
1963,  0.74
1964,  0.74
1965,  0.72
1966,  0.74
1967,  0.76
1968,  0.75
1969,  0.81
1970,  0.74
1971,  0.75
1972,  0.78
1973,  0.75
1974,  0.76
1975,  0.74
1976,  0.79
1977,  0.76
1978,  0.70
1979,  0.68
1980,  0.75
1981,  0.71
1982,  0.74
1983,  0.77
1984,  0.75
1985,  0.78
1986,  0.73
1987,  0.71
1988,  0.73
1989,  0.79
1990,  0.76
1991,  0.76
1992,  0.80
1993,  0.75
1994,  0.75
1995,  0.74
1996,  0.79
1997,  0.83
1998,  0.77
1999,  0.78
2000,  0.77
2001,  0.78
2002,  0.83
2003,  0.79
2004,  0.78
2005,  0.81
2006,  0.78
2007,  0.81
2008,  0.77
2009,  0.84
2010,  0.81
2011,  0.80
2012,  0.80
2013,  0.78
2014,  0.80
2015,  0.80
2016,  0.85
2017,  0.80
2018,  0.80
2019,  0.81
2020,  0.84
2021,  0.83
2022,  0.84
2023,  0.85
2024,  0.82
2025,  0.85
2026,  0.83
2027,  0.84
2028,  0.80
2029,  0.84
2030,  0.82
2031,  0.81
2032,  0.82
2033,  0.80
2034,  0.79
2035,  0.79
2036,  0.80
2037,  0.81
2038,  0.80
2039,  0.82
2040,  0.80
2041,  0.78
2042,  0.81
2043,  0.83
2044,  0.79
2045,  0.80
2046,  0.81
2047,  0.75
2048,  0.80
2049,  0.79
2050,  0.79
2051,  0.78
2052,  0.78
2053,  0.79
2054,  0.82
2055,  0.79
2056,  0.80
2057,  0.79
2058,  0.79
2059,  0.78
2060,  0.79
2061,  0.75
2062,  0.77
2063,  0.82
2064,  0.75
2065,  0.80
2066,  0.78
2067,  0.79
2068,  0.76
2069,  0.76
2070,  0.82
2071,  0.75
2072,  0.74
2073,  0.77
2074,  0.71
2075,  0.79
2076,  0.79
2077,  0.76
2078,  0.81
2079,  0.81
2080,  0.77
2081,  0.77
2082,  0.79
2083,  0.79
2084,  0.78
2085,  0.81
2086,  0.80
2087,  0.78
2088,  0.81
2089,  0.79
2090,  0.76
2091,  0.79
2092,  0.78
2093,  0.81
2094,  0.79
2095,  0.78
2096,  0.78
2097,  0.79
2098,  0.79
2099,  0.77
2100,  0.77
2101,  0.79
2102,  0.80
2103,  0.78
2104,  0.74
2105,  0.76
2106,  0.79
2107,  0.79
2108,  0.81
2109,  0.78
2110,  0.77
2111,  0.76
2112,  0.76
2113,  0.75
2114,  0.77
2115,  0.77
2116,  0.77
2117,  0.76
2118,  0.77
2119,  0.78
2120,  0.75
2121,  0.76
2122,  0.79
2123,  0.80
2124,  0.81
2125,  0.80
2126,  0.77
2127,  0.78
2128,  0.81
2129,  0.78
2130,  0.78
2131,  0.77
2132,  0.81
2133,  0.78
2134,  0.79
2135,  0.76
2136,  0.79
2137,  0.78
2138,  0.79
2139,  0.76
2140,  0.77
2141,  0.79
2142,  0.78
2143,  0.79
2144,  0.78
2145,  0.76
2146,  0.75
2147,  0.78
2148,  0.78
2149,  0.80
2150,  0.81
2151,  0.80
2152,  0.77
2153,  0.80
2154,  0.84
2155,  0.79
2156,  0.78
2157,  0.78
2158,  0.81
2159,  0.80
2160,  0.77
2161,  0.77
2162,  0.77
2163,  0.78
2164,  0.79
2165,  0.78
2166,  0.79
2167,  0.78
2168,  0.81
2169,  0.79
2170,  0.78
2171,  0.74
2172,  0.79
2173,  0.78
2174,  0.78
2175,  0.77
2176,  0.77
2177,  0.80
2178,  0.78
2179,  0.77
2180,  0.76
2181,  0.76
2182,  0.80
2183,  0.78
2184,  0.77
2185,  0.76
2186,  0.79
2187,  0.78
2188,  0.76
2189,  0.78
2190,  0.78
2191,  0.79
2192,  0.79
2193,  0.77
2194,  0.78
2195,  0.76
2196,  0.77
2197,  0.78
2198,  0.77
2199,  0.75
2200,  0.78
2201,  0.76
2202,  0.78
2203,  0.77
2204,  0.77
2205,  0.77
2206,  0.76
2207,  0.76
2208,  0.78
2209,  0.76
2210,  0.78
2211,  0.77
2212,  0.78
2213,  0.76
2214,  0.78
2215,  0.77
2216,  0.77
2217,  0.77
2218,  0.74
2219,  0.76
2220,  0.76
2221,  0.77
2222,  0.78
2223,  0.74
2224,  0.78
2225,  0.74
2226,  0.75
2227,  0.72
2228,  0.77
2229,  0.78
2230,  0.75
2231,  0.77
2232,  0.77
2233,  0.75
2234,  0.76
2235,  0.78
2236,  0.76
2237,  0.76
2238,  0.77
2239,  0.76
2240,  0.79
2241,  0.76
2242,  0.76
2243,  0.78
2244,  0.79
2245,  0.75
2246,  0.74
2247,  0.78
2248,  0.75
2249,  0.76
2250,  0.77
2251,  0.79
2252,  0.80
2253,  0.72
2254,  0.75
2255,  0.75
2256,  0.78
2257,  0.78
2258,  0.76
2259,  0.76
2260,  0.77
2261,  0.79
2262,  0.75
2263,  0.76
2264,  0.75
2265,  0.80
2266,  0.77
2267,  0.76
2268,  0.75
2269,  0.76
2270,  0.78
2271,  0.73
2272,  0.75
2273,  0.75
2274,  0.75
2275,  0.77
2276,  0.78
2277,  0.75
2278,  0.77
2279,  0.78
2280,  0.77
2281,  0.78
2282,  0.77
2283,  0.76
2284,  0.78
2285,  0.76
2286,  0.76
2287,  0.80
2288,  0.76
2289,  0.77
2290,  0.75
2291,  0.81
2292,  0.75
2293,  0.77
2294,  0.75
2295,  0.76
2296,  0.73
2297,  0.78
2298,  0.74
2299,  0.77
2300,  0.75
2301,  0.75
2302,  0.84
2303,  0.78
2304,  0.77
2305,  0.75
2306,  0.76
2307,  0.79
2308,  0.73
2309,  0.75
2310,  0.73
2311,  0.75
2312,  0.77
2313,  0.73
2314,  0.76
2315,  0.77
2316,  0.79
2317,  0.75
2318,  0.76
2319,  0.74
2320,  0.75
2321,  0.76
2322,  0.84
2323,  0.71
2324,  0.75
2325,  0.80
2326,  0.78
2327,  0.77
2328,  0.79
2329,  0.75
2330,  0.78
2331,  0.77
2332,  0.79
2333,  0.79
2334,  0.79
2335,  0.77
2336,  0.72
2337,  0.75
2338,  0.80
2339,  0.78
2340,  0.76
2341,  0.79
2342,  0.80
2343,  0.76
2344,  0.78
2345,  0.85
2346,  0.79
2347,  0.79
2348,  0.78
2349,  0.78
2350,  0.78
2351,  0.78
2352,  0.78
2353,  0.78
2354,  0.79
2355,  0.76
2356,  0.76
2357,  0.77
2358,  0.76
2359,  0.77
2360,  0.79
2361,  0.83
2362,  0.76
2363,  0.77
2364,  0.76
2365,  0.74
2366,  0.78
2367,  0.75
2368,  0.76
2369,  0.75
2370,  0.79
2371,  0.78
2372,  0.76
2373,  0.77
2374,  0.78
2375,  0.75
2376,  0.86
2377,  0.85
2378,  0.79
2379,  0.76
2380,  0.78
2381,  0.76
2382,  0.74
2383,  0.77
2384,  0.77
2385,  0.77
2386,  0.75
2387,  0.79
2388,  0.75
2389,  0.78
2390,  0.77
2391,  0.75
2392,  0.77
2393,  0.76
2394,  0.78
2395,  0.76
2396,  0.76
2397,  0.77
2398,  0.77
2399,  0.78
2400,  0.77
2401,  0.76
2402,  0.76
2403,  0.76
2404,  0.77
2405,  0.79
2406,  0.76
2407,  0.80
2408,  0.75
2409,  0.79
2410,  0.75
2411,  0.77
2412,  0.79
2413,  0.82
2414,  0.77
2415,  0.73
2416,  0.76
2417,  0.75
2418,  0.79
2419,  0.77
2420,  0.77
2421,  0.76
2422,  0.75
2423,  0.77
2424,  0.75
2425,  0.78
2426,  0.76
2427,  0.75
2428,  0.76
2429,  0.78
2430,  0.80
2431,  0.75
2432,  0.79
2433,  0.77
2434,  0.75
2435,  0.77
2436,  0.77
2437,  0.81
2438,  0.76
2439,  0.75
2440,  0.77
2441,  0.77
2442,  0.78
2443,  0.77
2444,  0.76
2445,  0.77
2446,  0.78
2447,  0.77
2448,  0.77
2449,  0.75
2450,  0.75
2451,  0.80
2452,  0.84
2453,  0.79
2454,  0.74
2455,  0.75
2456,  0.76
2457,  0.75
2458,  0.74
2459,  0.75
2460,  0.77
2461,  0.75
2462,  0.78
2463,  0.76
2464,  0.75
2465,  0.83
2466,  0.78
2467,  0.76
2468,  0.74
2469,  0.76
2470,  0.78
2471,  0.78
2472,  0.85
2473,  0.77
2474,  0.75
2475,  0.77
2476,  0.73
2477,  0.70
2478,  0.74
2479,  0.80
2480,  0.77
2481,  0.75
2482,  0.75
2483,  0.76
2484,  0.76
2485,  0.78
2486,  0.77
2487,  0.74
2488,  0.76
2489,  0.77
2490,  0.77
2491,  0.76
2492,  0.78
2493,  0.72
2494,  0.74
2495,  0.76
2496,  0.75
2497,  0.76
2498,  0.76
2499,  0.81
2500,  0.76
2501,  0.74
2502,  0.74
2503,  0.75
2504,  0.75
2505,  0.76
2506,  0.77
2507,  0.78
2508,  0.78
2509,  0.76
2510,  0.74
2511,  0.77
2512,  0.75
2513,  0.75
2514,  0.75
2515,  0.75
2516,  0.77
2517,  0.79
2518,  0.75
2519,  0.75
2520,  0.74
2521,  0.77
2522,  0.75
2523,  0.76
2524,  0.78
2525,  0.83
2526,  0.87
2527,  0.78
2528,  0.75
2529,  0.75
2530,  0.72
2531,  0.78
2532,  0.72
2533,  0.80
2534,  0.76
2535,  0.73
2536,  0.74
2537,  0.77
2538,  0.75
2539,  0.74
2540,  0.76
2541,  0.80
2542,  0.74
2543,  0.77
2544,  0.76
2545,  0.76
2546,  0.76
2547,  0.76
2548,  0.79
2549,  0.76
2550,  0.75
2551,  0.78
2552,  0.77
2553,  0.91
2554,  0.81
2555,  0.78
2556,  0.75
2557,  0.77
2558,  0.79
2559,  0.75
2560,  0.77
2561,  0.74
2562,  0.76
2563,  0.75
2564,  0.74
2565,  0.79
2566,  0.79
2567,  0.76
2568,  0.76
2569,  0.76
2570,  0.76
2571,  0.84
2572,  0.76
2573,  0.74
2574,  0.75
2575,  0.72
2576,  0.75
2577,  0.72
2578,  0.74
2579,  0.74
2580,  0.76
2581,  0.74
2582,  0.75
2583,  0.75
2584,  0.75
2585,  0.75
2586,  0.76
2587,  0.76
2588,  0.74
2589,  0.82
2590,  0.75
2591,  0.74
2592,  0.74
2593,  0.77
2594,  0.82
2595,  0.81
2596,  0.74
2597,  0.72
2598,  0.73
2599,  0.73
2600,  0.76
2601,  0.77
2602,  0.77
2603,  0.75
2604,  0.75
2605,  0.76
2606,  0.75
2607,  0.76
2608,  0.77
2609,  0.76
2610,  0.81
2611,  0.77
2612,  0.74
2613,  0.77
2614,  0.77
2615,  0.75
2616,  0.77
2617,  0.76
2618,  0.81
2619,  0.73
2620,  0.74
2621,  0.76
2622,  0.75
2623,  0.75
2624,  0.77
2625,  0.72
2626,  0.78
2627,  0.80
2628,  0.51
2629,  0.44
2630,  0.42
2631,  0.43
2632,  0.58
2633,  0.79
2634,  0.79
2635,  0.70
2636,  0.45
2637,  0.08
2638,  0.05
2639,  0.01
2640,  0.00
2641,  0.07
2642,  0.02
2643,  0.03
2644,  0.01
2645,  0.01
2646,  0.01
2647,  0.01
2648,  0.01
2649,  0.07
2650,  0.19
2651,  0.13
2652,  0.05
2653,  0.01
2654,  0.00
2655,  0.00
2656,  0.00
2657,  0.00
2658,  0.00
2659,  0.00
2660,  0.00
2661,  0.00
2662,  0.00
2663,  0.00
2664,  0.00
2665,  0.00
2666,  0.00
2667,  0.00
2668,  0.00
2669,  0.00
2670,  0.00
2671,  0.00
2672,  0.00
2673,  0.00
2674,  0.00
2675,  0.00
2676,  0.00
2677,  0.00
2678,  0.00
2679,  0.00
2680,  0.00
2681,  0.02
2682,  0.17
2683,  0.08
2684,  0.02
2685,  0.02
2686,  0.03
2687,  0.18
2688,  0.59
2689,  0.94
2690,  0.87
2691,  0.82
2692,  0.95
2693,  0.98
2694,  0.99
2695,  0.99
2696,  1.00
2697,  1.00
2698,  0.98
2699,  0.98
2700,  0.98
2701,  0.98
2702,  0.95
2703,  0.65
2704,  0.92
2705,  0.97
2706,  0.98
2707,  0.98
2708,  0.97
2709,  0.95
2710,  0.91
2711,  0.99
2712,  0.95
2713,  0.97
2714,  0.27
2715,  0.05
2716,  0.28
2717,  0.39
2718,  0.67
2719,  0.82
2720,  0.31
2721,  0.24
2722,  0.79
2723,  0.75
2724,  0.70
2725,  0.66
2726,  0.37
2727,  0.17
2728,  0.11
2729,  0.00
2730,  0.00
2731,  0.00
2732,  0.00
2733,  0.00
2734,  0.14
2735,  0.43
2736,  0.90
2737,  0.85
2738,  1.00
2739,  0.87
2740,  0.99
2741,  1.00
2742,  1.00
2743,  0.99
2744,  0.96
2745,  0.96
2746,  0.84
2747,  0.04
2748,  0.00
2749,  0.00
2750,  0.00
2751,  0.00
2752,  0.00
2753,  0.00
2754,  0.06
2755,  0.02
2756,  0.00
2757,  0.00
2758,  0.01
2759,  0.41
2760,  0.26
2761,  0.26
2762,  0.15
2763,  0.40
2764,  0.78
2765,  0.72
2766,  0.76
2767,  0.74
2768,  0.80
2769,  0.80
2770,  0.91
2771,  0.94
2772,  0.47
2773,  0.13
2774,  0.52
2775,  0.82
2776,  0.77
2777,  0.68
2778,  0.66
2779,  0.75
2780,  0.58
2781,  0.39
2782,  0.08
2783,  0.49
2784,  0.78
2785,  0.90
2786,  0.89
2787,  0.95
2788,  0.93
2789,  0.92
2790,  0.97
2791,  0.98
2792,  0.97
2793,  0.97
2794,  0.96
2795,  0.96
2796,  0.95
2797,  0.92
2798,  0.87
2799,  0.93
2800,  0.99
2801,  0.85
2802,  0.93
2803,  0.94
2804,  1.00
2805,  0.99
2806,  0.97
2807,  0.94
2808,  0.96
2809,  0.94
2810,  0.91
2811,  0.86
2812,  0.84
2813,  0.83
2814,  0.84
2815,  0.82
2816,  0.83
2817,  0.83
2818,  0.78
2819,  0.80
2820,  0.79
2821,  0.78
2822,  0.80
2823,  0.80
2824,  0.79
2825,  0.77
2826,  0.78
2827,  0.81
2828,  0.77
2829,  0.78
2830,  0.76
2831,  0.77
2832,  0.78
2833,  0.77
2834,  0.78
2835,  0.77
2836,  0.75
2837,  0.79
2838,  0.76
2839,  0.77
2840,  0.73
2841,  0.70
2842,  0.74
2843,  0.77
2844,  0.74
2845,  0.73
2846,  0.74
2847,  0.77
2848,  0.76
2849,  0.77
2850,  0.73
2851,  0.74
2852,  0.88
2853,  0.97
2854,  0.99
2855,  0.99
2856,  0.79
2857,  0.20
2858,  0.52
2859,  0.85
2860,  0.87
2861,  0.85
2862,  0.82
2863,  0.83
2864,  0.85
2865,  0.87
2866,  0.86
2867,  0.87
2868,  0.86
2869,  0.88
2870,  0.91
2871,  0.98
2872,  0.96
2873,  0.96
2874,  0.98
2875,  0.94
2876,  0.92
2877,  0.91
2878,  0.90
2879,  0.86
2880,  0.89
2881,  0.87
2882,  0.89
2883,  0.91
2884,  0.90
2885,  0.92
2886,  0.88
2887,  0.89
2888,  0.95
2889,  0.96
2890,  0.90
2891,  0.92
2892,  0.93
2893,  0.96
2894,  0.96
2895,  0.97
2896,  0.91
2897,  0.91
2898,  0.91
2899,  0.87
2900,  0.96
2901,  0.92
2902,  0.95
2903,  0.96
2904,  0.97
2905,  0.98
2906,  0.98
2907,  0.87
2908,  0.84
2909,  0.93
2910,  0.92
2911,  0.85
2912,  0.88
2913,  0.86
2914,  0.90
2915,  0.90
2916,  0.85
2917,  0.84
2918,  0.87
2919,  0.87
2920,  0.93
2921,  0.90
2922,  0.86
2923,  0.85
2924,  0.91
2925,  0.87
2926,  0.86
2927,  0.89
2928,  0.88
2929,  0.88
2930,  0.89
2931,  0.88
2932,  0.88
2933,  0.91
2934,  0.85
2935,  0.90
2936,  0.90
2937,  0.91
2938,  0.94
2939,  0.93
2940,  0.91
2941,  0.91
2942,  0.96
2943,  0.96
2944,  0.98
2945,  0.97
2946,  0.98
2947,  0.97
2948,  0.98
2949,  0.97
2950,  0.97
2951,  0.96
2952,  0.96
2953,  0.96
2954,  0.97
2955,  0.97
2956,  0.97
2957,  0.97
2958,  0.97
2959,  0.98
2960,  0.97
2961,  0.97
2962,  0.97
2963,  0.91
2964,  0.87
2965,  0.91
2966,  0.97
2967,  0.94
2968,  0.99
2969,  1.00
2970,  1.00
2971,  0.94
2972,  0.91
2973,  0.97
2974,  0.97
2975,  0.98
2976,  0.91
2977,  0.99
2978,  1.00
2979,  0.99
2980,  0.96
2981,  0.93
2982,  0.92
2983,  0.97
2984,  0.96
2985,  0.95
2986,  0.95
2987,  0.96
2988,  0.95
2989,  0.94
2990,  0.96
2991,  0.97
2992,  0.95
2993,  0.93
2994,  0.93
2995,  0.89
2996,  0.89
2997,  0.90
2998,  0.91
2999,  0.91
3000,  0.89
3001,  0.89
3002,  0.89
3003,  0.90
3004,  0.84
3005,  0.82
3006,  0.86
3007,  0.83
3008,  0.79
3009,  0.81
3010,  0.83
3011,  0.88
3012,  0.86
3013,  0.87
3014,  0.84
3015,  0.78
3016,  0.86
3017,  0.84
3018,  0.86
3019,  0.91
3020,  0.90
3021,  0.96
3022,  0.97
3023,  0.96
3024,  0.96
3025,  0.92
3026,  0.90
3027,  0.94
3028,  0.98
3029,  0.99
3030,  0.99
3031,  0.98
3032,  0.97
3033,  0.98
3034,  0.96
3035,  0.79
3036,  0.95
3037,  0.90
3038,  0.84
3039,  0.79
3040,  0.91
3041,  0.95
3042,  0.93
3043,  0.86
3044,  0.87
3045,  0.91
3046,  0.85
3047,  0.80
3048,  0.84
3049,  0.85
3050,  0.92
3051,  0.92
3052,  0.93
3053,  0.96
3054,  0.96
3055,  0.89
3056,  0.89
3057,  0.89
3058,  0.87
3059,  0.86
3060,  0.90
3061,  0.86
3062,  0.87
3063,  0.86
3064,  0.84
3065,  0.93
3066,  0.96
3067,  0.87
3068,  0.93
3069,  0.92
3070,  0.87
3071,  0.88
3072,  0.85
3073,  0.84
3074,  0.84
3075,  0.88
3076,  0.89
3077,  0.91
3078,  0.95
3079,  0.99
3080,  0.99
3081,  0.99
3082,  0.84
3083,  0.90
3084,  0.88
3085,  0.83
3086,  0.60
3087,  0.87
3088,  0.66
3089,  0.48
3090,  0.62
3091,  0.57
3092,  0.56
3093,  0.63
3094,  0.62
3095,  0.81
3096,  0.89
3097,  0.84
3098,  0.81
3099,  0.83
3100,  0.84
3101,  0.86
3102,  0.87
3103,  0.89
3104,  0.90
3105,  0.90
3106,  0.91
3107,  0.92
3108,  0.94
3109,  0.91
3110,  0.93
3111,  0.95
3112,  0.55
3113,  0.40
3114,  0.50
3115,  0.50
3116,  0.44
3117,  0.16
3118,  0.89
3119,  0.66
3120,  0.88
3121,  0.88
3122,  0.89
3123,  0.90
3124,  0.87
3125,  0.81
3126,  0.93
3127,  0.94
3128,  0.96
3129,  0.96
3130,  0.97
3131,  0.97
3132,  0.96
3133,  0.97
3134,  0.96
3135,  0.86
3136,  0.88
3137,  0.87
3138,  0.88
3139,  0.92
3140,  0.92
3141,  0.93
3142,  0.95
3143,  0.95
3144,  0.94
3145,  0.92
3146,  0.96
3147,  0.93
3148,  0.93
3149,  0.91
3150,  0.90
3151,  0.97
3152,  0.94
3153,  0.92
3154,  0.83
3155,  0.85
3156,  0.91
3157,  0.94
3158,  0.92
3159,  0.90
3160,  0.81
3161,  0.76
3162,  0.73
3163,  0.80
3164,  0.90
3165,  0.83
3166,  0.92
3167,  0.88
3168,  0.91
3169,  0.91
3170,  0.91
3171,  0.88
3172,  0.84
3173,  0.94
3174,  0.93
3175,  0.91
3176,  0.90
3177,  0.92
3178,  0.90
3179,  0.92
3180,  0.90
3181,  0.83
3182,  0.81
3183,  0.89
3184,  0.88
3185,  0.89
3186,  0.90
3187,  0.91
3188,  0.91
3189,  0.93
3190,  0.90
3191,  0.89
3192,  0.91
3193,  0.89
3194,  0.93
3195,  0.91
3196,  0.88
3197,  0.91
3198,  0.94
3199,  0.94
3200,  0.91
3201,  0.87
3202,  0.92
3203,  0.94
3204,  0.90
3205,  0.94
3206,  0.92
3207,  0.92
3208,  0.93
3209,  0.94
3210,  0.88
3211,  0.91
3212,  0.90
3213,  0.93
3214,  0.92
3215,  0.93
3216,  0.93
3217,  0.91
3218,  0.89
3219,  0.92
3220,  0.92
3221,  0.92
3222,  0.91
3223,  0.84
3224,  0.88
3225,  0.84
3226,  0.87
3227,  0.93
3228,  0.92
3229,  0.84
3230,  0.90
3231,  0.90
3232,  0.91
3233,  0.91
3234,  0.94
3235,  0.93
3236,  0.88
3237,  0.83
3238,  0.89
3239,  0.90
3240,  0.92
3241,  0.93
3242,  0.88
3243,  0.90
3244,  0.83
3245,  0.88
3246,  0.87
3247,  0.92
3248,  0.91
3249,  0.91
3250,  0.94
3251,  0.86
3252,  0.92
3253,  0.90
3254,  0.91
3255,  0.92
3256,  0.93
3257,  0.92
3258,  0.90
3259,  0.93
3260,  0.88
3261,  0.91
3262,  0.91
3263,  0.87
3264,  0.93
3265,  0.93
3266,  0.90
3267,  0.89
3268,  0.93
3269,  0.91
3270,  0.92
3271,  0.92
3272,  0.86
3273,  0.89
3274,  0.90
3275,  0.90
3276,  0.89
3277,  0.93
3278,  0.90
3279,  0.92
3280,  0.89
3281,  0.92
3282,  0.92
3283,  0.91
3284,  0.90
3285,  0.90
3286,  0.89
3287,  0.92
3288,  0.92
3289,  0.91
3290,  0.90
3291,  0.91
3292,  0.91
3293,  0.90
3294,  0.91
3295,  0.90
3296,  0.93
3297,  0.90
3298,  0.91
3299,  0.93
3300,  0.92
3301,  0.94
3302,  0.94
3303,  0.92
3304,  0.91
3305,  0.92
3306,  0.93
3307,  0.93
3308,  0.90
3309,  0.91
3310,  0.91
3311,  0.92
3312,  0.92
3313,  0.91
3314,  0.92
3315,  0.92
3316,  0.91
3317,  0.90
3318,  0.88
3319,  0.93
3320,  0.91
3321,  0.91
3322,  0.89
3323,  0.93
3324,  0.89
3325,  0.86
3326,  0.92
3327,  0.88
3328,  0.90
3329,  0.89
3330,  0.88
3331,  0.86
3332,  0.89
3333,  0.88
3334,  0.91
3335,  0.89
3336,  0.85
3337,  0.88
3338,  0.86
3339,  0.88
3340,  0.90
3341,  0.90
3342,  0.88
3343,  0.90
3344,  0.87
3345,  0.88
3346,  0.87
3347,  0.87
3348,  0.88
3349,  0.88
3350,  0.88
3351,  0.89
3352,  0.86
3353,  0.88
3354,  0.86
3355,  0.85
3356,  0.89
3357,  0.86
3358,  0.87
3359,  0.87
3360,  0.87
3361,  0.89
3362,  0.87
3363,  0.90
3364,  0.87
3365,  0.87
3366,  0.88
3367,  0.87
3368,  0.88
3369,  0.88
3370,  0.88
3371,  0.87
3372,  0.89
3373,  0.87
3374,  0.86
3375,  0.86
3376,  0.91
3377,  0.86
3378,  0.86
3379,  0.87
3380,  0.90
3381,  0.88
3382,  0.88
3383,  0.88
3384,  0.89
3385,  0.87
3386,  0.89
3387,  0.88
3388,  0.88
3389,  0.87
3390,  0.86
3391,  0.87
3392,  0.86
3393,  0.86
3394,  0.89
3395,  0.86
3396,  0.88
3397,  0.89
3398,  0.87
3399,  0.89
3400,  0.89
3401,  0.87
3402,  0.87
3403,  0.87
3404,  0.89
3405,  0.86
3406,  0.89
3407,  0.86
3408,  0.90
3409,  0.90
3410,  0.89
3411,  0.89
3412,  0.88
3413,  0.98
3414,  0.70
3415,  0.82
3416,  0.83
3417,  0.86
3418,  0.87
3419,  0.87
3420,  0.89
3421,  0.89
3422,  0.87
3423,  0.88
3424,  0.88
3425,  0.90
3426,  0.89
3427,  0.90
3428,  0.87
3429,  0.88
3430,  0.88
3431,  0.89
3432,  0.88
3433,  0.91
3434,  0.89
3435,  0.89
3436,  0.88
3437,  0.90
3438,  0.89
3439,  0.89
3440,  0.91
3441,  0.90
3442,  0.91
3443,  0.90
3444,  0.89
3445,  0.91
3446,  0.90
3447,  0.91
3448,  0.88
3449,  0.89
3450,  0.90
3451,  0.91
3452,  0.90
3453,  0.90
3454,  0.89
3455,  0.90
3456,  0.90
3457,  0.91
3458,  0.90
3459,  0.89
3460,  0.89
3461,  0.88
3462,  0.90
3463,  0.91
3464,  0.89
3465,  0.90
3466,  0.92
3467,  0.88
3468,  0.90
3469,  0.91
3470,  0.90
3471,  0.89
3472,  0.90
3473,  0.90
3474,  0.89
3475,  0.89
3476,  0.90
3477,  0.91
3478,  0.90
3479,  0.90
3480,  0.92
3481,  0.91
3482,  0.90
3483,  0.91
3484,  0.89
3485,  0.90
3486,  0.95
3487,  0.84
3488,  0.87
3489,  0.90
3490,  0.89
3491,  0.89
3492,  0.89
3493,  0.90
3494,  0.92
3495,  0.90
3496,  0.89
3497,  0.89
3498,  0.85
3499,  0.91
3500,  0.90
3501,  0.90
3502,  0.89
3503,  0.90
3504,  0.91
3505,  0.91
3506,  0.87
3507,  0.88
3508,  0.89
3509,  0.90
3510,  0.90
3511,  0.90
3512,  0.89
3513,  0.87
3514,  0.87
3515,  0.90
3516,  0.90
3517,  0.89
3518,  0.88
3519,  0.88
3520,  0.99
3521,  0.80
3522,  0.84
3523,  0.84
3524,  0.83
3525,  0.88
3526,  0.86
3527,  0.90
3528,  0.87
3529,  0.89
3530,  0.90
3531,  0.89
3532,  0.91
3533,  0.92
3534,  0.90
3535,  0.91
3536,  0.94
3537,  0.91
3538,  0.92
3539,  0.93
3540,  0.92
3541,  0.89
3542,  0.94
3543,  0.91
3544,  0.91
3545,  0.91
3546,  0.92
3547,  0.98
3548,  0.88
3549,  0.95
3550,  0.94
3551,  0.93
3552,  0.92
3553,  0.90
3554,  0.90
3555,  0.92
3556,  0.89
3557,  0.88
3558,  0.84
3559,  0.86
3560,  0.96
3561,  0.91
3562,  0.88
3563,  0.85
3564,  0.83
3565,  0.82
3566,  0.80
3567,  0.77
3568,  0.81
3569,  0.81
3570,  0.72
3571,  0.73
3572,  0.72
3573,  0.71
3574,  0.75
3575,  0.81
3576,  0.80
3577,  0.90
3578,  0.96
3579,  0.96
3580,  0.95
3581,  0.96
3582,  0.96
3583,  0.96
3584,  0.95
3585,  0.95
3586,  0.96
3587,  0.96
3588,  0.97
3589,  0.96
3590,  0.95
3591,  0.95
3592,  0.95
3593,  0.95
3594,  0.81
3595,  0.74
3596,  0.81
3597,  0.80
3598,  0.85
3599,  0.84
3600,  0.91
3601,  0.95
3602,  0.95
3603,  0.96
3604,  0.97
3605,  0.94
3606,  0.94
3607,  0.94
3608,  0.95
3609,  0.94
3610,  0.93
3611,  0.92
3612,  0.93
3613,  0.95
3614,  0.94
3615,  0.91
3616,  0.92
3617,  0.93
3618,  0.92
3619,  0.93
3620,  0.92
3621,  0.93
3622,  0.92
3623,  0.92
3624,  0.92
3625,  0.91
3626,  0.94
3627,  0.91
3628,  0.92
3629,  0.91
3630,  0.93
3631,  0.93
3632,  0.93
3633,  0.91
3634,  0.93
3635,  0.92
3636,  0.92
3637,  0.94
3638,  0.91
3639,  0.91
3640,  0.92
3641,  0.91
3642,  0.93
3643,  0.92
3644,  0.94
3645,  0.91
3646,  0.92
3647,  0.92
3648,  0.91
3649,  0.92
3650,  0.95
3651,  0.91
3652,  0.90
3653,  0.92
3654,  0.92
3655,  0.94
3656,  0.92
3657,  0.93
3658,  0.91
3659,  0.94
3660,  0.93
3661,  0.93
3662,  0.94
3663,  0.91
3664,  0.92
3665,  0.93
3666,  0.95
3667,  0.92
3668,  0.94
3669,  0.94
3670,  0.92
3671,  0.93
3672,  0.93
3673,  0.92
3674,  0.93
3675,  0.94
3676,  0.93
3677,  0.93
3678,  0.93
3679,  0.94
3680,  0.94
3681,  0.93
3682,  0.94
3683,  0.90
3684,  0.89
3685,  0.93
3686,  0.92
3687,  0.93
3688,  0.93
3689,  0.91
3690,  0.93
3691,  0.92
3692,  0.93
3693,  0.93
3694,  0.92
3695,  0.94
3696,  0.94
3697,  0.92
3698,  0.93
3699,  0.93
3700,  0.94
3701,  0.93
3702,  0.94
3703,  0.93
3704,  0.95
3705,  0.94
3706,  0.95
3707,  0.93
3708,  0.93
3709,  0.92
3710,  0.94
3711,  0.94
3712,  0.93
3713,  0.93
3714,  0.89
3715,  0.94
3716,  0.93
3717,  0.91
3718,  0.91
3719,  0.94
3720,  0.93
3721,  0.90
3722,  0.94
3723,  0.89
3724,  0.94
3725,  0.93
3726,  0.93
3727,  0.94
3728,  0.92
3729,  0.86
3730,  0.85
3731,  0.91
3732,  0.94
3733,  0.92
3734,  0.94
3735,  0.93
3736,  0.91
3737,  0.93
3738,  0.93
3739,  0.93
3740,  0.88
3741,  0.91
3742,  0.93
3743,  0.94
3744,  0.93
3745,  0.95
3746,  0.93
3747,  0.94
3748,  0.91
3749,  0.92
3750,  0.93
3751,  0.93
3752,  0.93
3753,  0.93
3754,  0.94
3755,  0.93
3756,  0.94
3757,  0.94
3758,  0.94
3759,  0.91
3760,  0.92
3761,  0.94
3762,  0.94
3763,  0.94
3764,  0.93
3765,  0.95
3766,  0.93
3767,  0.91
3768,  0.92
3769,  0.92
3770,  0.92
3771,  0.92
3772,  0.92
3773,  0.92
3774,  0.89
3775,  0.91
3776,  0.94
3777,  0.94
3778,  0.92
3779,  0.93
3780,  0.94
3781,  0.90
3782,  0.94
3783,  0.92
3784,  0.92
3785,  0.91
3786,  0.94
3787,  0.91
3788,  0.93
3789,  0.93
3790,  0.95
3791,  0.93
3792,  0.92
3793,  0.89
3794,  0.92
3795,  0.93
3796,  0.92
3797,  0.90
3798,  0.92
3799,  0.92
3800,  0.93
3801,  0.93
3802,  0.92
3803,  0.93
3804,  0.91
3805,  0.94
3806,  0.93
3807,  0.93
3808,  0.93
3809,  0.93
3810,  0.92
3811,  0.93
3812,  0.91
3813,  0.93
3814,  0.92
3815,  0.92
3816,  0.95
3817,  0.79
3818,  0.15
3819,  0.47
3820,  0.70
3821,  0.78
3822,  0.77
3823,  0.74
3824,  0.82
3825,  0.94
3826,  0.95
3827,  0.96
3828,  0.95
3829,  0.94
3830,  0.95
3831,  0.95
3832,  0.96
3833,  0.94
3834,  0.94
3835,  0.94
3836,  0.95
3837,  0.95
3838,  0.93
3839,  0.94
3840,  0.95
3841,  0.95
3842,  0.94
3843,  0.94
3844,  0.94
3845,  0.94
3846,  0.95
3847,  0.89
3848,  0.94
3849,  0.94
3850,  0.94
3851,  0.94
3852,  0.94
3853,  0.93
3854,  0.94
3855,  0.93
3856,  0.91
3857,  0.92
3858,  0.94
3859,  0.93
3860,  0.95
3861,  0.94
3862,  0.93
3863,  0.94
3864,  0.94
3865,  0.94
3866,  0.93
3867,  0.93
3868,  0.94
3869,  0.94
3870,  0.94
3871,  0.95
3872,  0.94
3873,  0.93
3874,  0.93
3875,  0.94
3876,  0.93
3877,  0.94
3878,  0.95
3879,  0.94
3880,  0.93
3881,  0.92
3882,  0.93
3883,  0.91
3884,  0.92
3885,  0.90
3886,  0.94
3887,  0.93
3888,  0.92
3889,  0.93
3890,  0.92
3891,  0.92
3892,  0.93
3893,  0.92
3894,  0.89
3895,  0.91
3896,  0.92
3897,  0.92
3898,  0.94
3899,  0.93
3900,  0.94
3901,  0.91
3902,  0.94
3903,  0.91
3904,  0.93
3905,  0.90
3906,  0.89
3907,  0.85
3908,  0.84
3909,  0.85
3910,  0.93
3911,  0.85
3912,  0.77
3913,  0.95
3914,  0.94
3915,  0.94
3916,  0.94
3917,  0.93
3918,  0.93
3919,  0.94
3920,  0.94
3921,  0.94
3922,  0.95
3923,  0.92
3924,  0.94
3925,  0.94
3926,  0.95
3927,  0.93
3928,  0.93
3929,  0.93
3930,  0.93
3931,  0.95
3932,  0.93
3933,  0.94
3934,  0.91
3935,  0.94
3936,  0.94
3937,  0.95
3938,  0.92
3939,  0.95
3940,  0.95
3941,  0.95
3942,  0.93
3943,  0.94
3944,  0.96
3945,  0.95
3946,  0.95
3947,  0.93
3948,  0.91
3949,  0.93
3950,  0.94
3951,  0.93
3952,  0.94
3953,  0.94
3954,  0.94
3955,  0.93
3956,  0.93
3957,  0.94
3958,  0.95
3959,  0.93
3960,  0.87
3961,  0.94
3962,  0.94
3963,  0.93
3964,  0.94
3965,  0.92
3966,  0.94
3967,  0.93
3968,  0.93
3969,  0.93
3970,  0.94
3971,  0.93
3972,  0.93
3973,  0.93
3974,  0.94
3975,  0.94
3976,  0.92
3977,  0.93
3978,  0.94
3979,  0.93
3980,  0.94
3981,  0.93
3982,  0.93
3983,  0.92
3984,  0.93
3985,  0.94
3986,  0.92
3987,  0.93
3988,  0.92
3989,  0.91
3990,  0.92
3991,  0.90
3992,  0.94
3993,  0.94
3994,  0.94
3995,  0.92
3996,  0.94
3997,  0.93
3998,  0.91
3999,  0.94
4000,  0.92
4001,  0.93
4002,  0.92
4003,  0.92
4004,  0.93
4005,  0.93
4006,  0.93
4007,  0.94
4008,  0.95
4009,  0.95
4010,  0.93
4011,  0.94
4012,  0.94
4013,  0.95
4014,  0.95
4015,  0.95
4016,  0.95
4017,  0.96
4018,  0.94
4019,  0.94
4020,  0.91
4021,  0.95
4022,  0.95
4023,  0.95
4024,  0.96
4025,  0.96
4026,  0.94
4027,  0.95
4028,  0.95
4029,  0.95
4030,  0.91
4031,  0.94
4032,  0.95
4033,  0.91
4034,  0.95
4035,  0.95
4036,  0.93
4037,  0.93
4038,  0.95
4039,  0.95
4040,  0.92
4041,  0.94
4042,  0.94
4043,  0.94
4044,  0.95
4045,  0.94
4046,  0.94
4047,  0.95
4048,  0.95
4049,  0.93
4050,  0.93
4051,  0.94
4052,  0.95
4053,  0.93
4054,  0.95
4055,  0.94
4056,  0.93
4057,  0.92
4058,  0.94
4059,  0.92
4060,  0.94
4061,  0.93
4062,  0.92
4063,  0.93
4064,  0.94
4065,  0.93
4066,  0.95
4067,  0.94
4068,  0.94
4069,  0.95
4070,  0.96
4071,  0.94
4072,  0.94
4073,  0.93
4074,  0.95
4075,  0.90
4076,  0.95
4077,  0.94
4078,  0.94
4079,  0.93
4080,  0.94
4081,  0.95
4082,  0.88
4083,  0.96
4084,  0.82
4085,  0.93
4086,  0.97
4087,  0.95
4088,  0.94
4089,  0.95
4090,  0.95
4091,  0.95
4092,  0.94
4093,  0.93
4094,  0.94
4095,  0.96
4096,  0.94
4097,  0.94
4098,  0.95
4099,  0.93
4100,  0.94
4101,  0.94
4102,  0.91
4103,  0.93
4104,  0.95
4105,  0.91
4106,  0.95
4107,  0.97
4108,  0.94
4109,  0.95
4110,  0.95
4111,  0.94
4112,  0.94
4113,  0.95
4114,  0.95
4115,  0.94
4116,  0.95
4117,  0.94
4118,  0.94
4119,  0.94
4120,  0.93
4121,  0.96
4122,  0.95
4123,  0.97
4124,  0.95
4125,  0.93
4126,  0.96
4127,  0.96
4128,  0.95
4129,  0.95
4130,  0.97
4131,  0.97
4132,  0.94
4133,  0.95
4134,  0.96
4135,  0.96
4136,  0.95
4137,  0.96
4138,  0.94
4139,  0.95
4140,  0.94
4141,  0.94
4142,  0.96
4143,  0.97
4144,  0.96
4145,  0.96
4146,  0.97
4147,  0.90
4148,  0.97
4149,  0.96
4150,  0.96
4151,  0.96
4152,  0.91
4153,  0.97
4154,  0.97
4155,  0.98
4156,  0.95
4157,  0.98
4158,  0.86
4159,  0.91
4160,  0.95
4161,  0.86
4162,  0.93
4163,  0.96
4164,  0.96
4165,  0.89
4166,  0.96
4167,  0.98
4168,  0.97
4169,  0.98
4170,  0.96
4171,  0.94
4172,  0.94
4173,  0.96
4174,  0.94
4175,  0.93
4176,  0.94
4177,  0.96
4178,  0.96
4179,  0.92
4180,  0.94
4181,  0.92
4182,  0.94
4183,  0.94
4184,  0.96
4185,  0.96
4186,  0.96
4187,  0.95
4188,  0.95
4189,  0.96
4190,  0.96
4191,  0.96
4192,  0.96
4193,  0.96
4194,  0.95
4195,  0.96
4196,  0.94
4197,  0.95
4198,  0.95
4199,  0.95
4200,  0.94
4201,  0.96
4202,  0.95
4203,  0.95
4204,  0.95
4205,  0.96
4206,  0.96
4207,  0.95
4208,  0.95
4209,  0.96
4210,  0.96
4211,  0.96
4212,  0.96
4213,  0.96
4214,  0.96
4215,  0.96
4216,  0.95
4217,  0.97
4218,  0.96
4219,  0.96
4220,  0.96
4221,  0.96
4222,  0.96
4223,  0.95
4224,  0.96
4225,  0.96
4226,  0.95
4227,  0.97
4228,  0.95
4229,  0.96
4230,  0.95
4231,  0.96
4232,  0.96
4233,  0.97
4234,  0.97
4235,  0.96
4236,  0.96
4237,  0.97
4238,  0.96
4239,  0.95
4240,  0.97
4241,  0.96
4242,  0.96
4243,  0.97
4244,  0.97
4245,  0.96
4246,  0.96
4247,  0.97
4248,  0.96
4249,  0.95
4250,  0.97
4251,  0.96
4252,  0.96
4253,  0.96
4254,  0.96
4255,  0.96
4256,  0.95
4257,  0.96
4258,  0.96
4259,  0.96
4260,  0.97
4261,  0.95
4262,  0.96
4263,  0.95
4264,  0.96
4265,  0.95
4266,  0.96
4267,  0.97
4268,  0.96
4269,  0.96
4270,  0.97
4271,  0.96
4272,  0.96
4273,  0.96
4274,  0.96
4275,  0.97
4276,  0.96
4277,  0.96
4278,  0.96
4279,  0.93
4280,  0.95
4281,  0.81
4282,  0.50
4283,  0.72
4284,  0.78
4285,  0.83
4286,  0.42
4287,  0.53
4288,  0.84
4289,  0.78
4290,  0.71
4291,  0.86
4292,  0.91
4293,  0.98
4294,  0.99
4295,  0.98
4296,  0.86
4297,  0.97
4298,  0.96
4299,  0.94
4300,  0.97
4301,  0.98
4302,  0.91
4303,  0.92
4304,  0.96
4305,  0.92
4306,  0.99
4307,  0.87
4308,  1.00
4309,  1.00
4310,  0.96
4311,  0.77
4312,  0.91
4313,  0.62
4314,  0.00
4315,  0.01
4316,  0.33
4317,  0.63
4318,  0.79
4319,  0.95
4320,  0.90
4321,  0.96
4322,  0.96
4323,  0.96
4324,  0.96
4325,  0.98
4326,  0.98
4327,  0.99
4328,  0.99
4329,  0.98
4330,  0.98
4331,  0.98
4332,  0.92
4333,  0.50
4334,  0.42
4335,  0.49
4336,  0.51
4337,  0.30
4338,  0.31
4339,  0.27
4340,  0.56
4341,  0.72
4342,  0.79
4343,  0.78
4344,  0.55
4345,  0.74
4346,  0.87
4347,  0.88
4348,  0.87
4349,  0.92
4350,  0.90
4351,  0.87
4352,  0.84
4353,  0.96
4354,  0.99
4355,  0.98
4356,  0.99
4357,  0.99
4358,  1.00
4359,  1.00
4360,  1.00
4361,  1.00
4362,  1.00
4363,  1.00
4364,  1.00
4365,  1.00
4366,  1.00
4367,  1.00
4368,  1.00
4369,  1.00
4370,  0.99
4371,  0.99
4372,  0.99
4373,  0.99
4374,  0.99
4375,  0.99
4376,  0.98
4377,  0.98
4378,  0.96
4379,  0.97
4380,  0.95
4381,  0.41
4382,  0.44
4383,  0.28
4384,  0.45
4385,  0.47
4386,  0.60
4387,  1.00
4388,  0.72
4389,  0.16
4390,  0.00
4391,  0.13
4392,  0.12
4393,  0.15
4394,  0.93
4395,  0.99
4396,  0.92
4397,  0.28
4398,  0.54
4399,  0.91
4400,  0.96
4401,  1.00
4402,  0.97
4403,  1.00
4404,  1.00
4405,  1.00
4406,  1.00
4407,  1.00
4408,  0.80
4409,  0.81
4410,  0.98
4411,  0.99
4412,  0.99
4413,  1.00
4414,  0.97
4415,  0.97
4416,  0.99
4417,  0.94
4418,  0.92
4419,  0.95
4420,  0.96
4421,  0.97
4422,  0.99
4423,  0.98
4424,  0.95
4425,  0.94
4426,  0.94
4427,  0.94
4428,  0.95
4429,  0.96
4430,  0.88
4431,  0.82
4432,  0.86
4433,  0.98
4434,  0.99
4435,  1.00
4436,  1.00
4437,  0.99
4438,  0.97
4439,  0.75
4440,  0.80
4441,  0.80
4442,  0.82
4443,  0.85
4444,  0.87
4445,  0.89
4446,  0.92
4447,  0.91
4448,  0.89
4449,  1.00
4450,  1.00
4451,  1.00
4452,  1.00
4453,  0.98
4454,  0.76
4455,  0.26
4456,  0.32
4457,  0.01
4458,  0.13
4459,  0.41
4460,  0.82
4461,  0.95
4462,  0.98
4463,  0.92
4464,  0.94
4465,  0.93
4466,  0.93
4467,  0.90
4468,  0.93
4469,  0.95
4470,  0.97
4471,  0.97
4472,  0.99
4473,  0.98
4474,  0.98
4475,  0.99
4476,  1.00
4477,  0.99
4478,  0.97
4479,  0.94
4480,  0.96
4481,  0.97
4482,  0.97
4483,  0.95
4484,  0.96
4485,  0.88
4486,  0.86
4487,  0.86
4488,  0.87
4489,  0.87
4490,  0.89
4491,  0.94
4492,  0.95
4493,  0.93
4494,  0.94
4495,  0.94
4496,  0.93
4497,  0.95
4498,  0.98
4499,  0.96
4500,  0.95
4501,  0.95
4502,  0.97
4503,  0.96
4504,  0.94
4505,  0.93
4506,  0.96
4507,  0.92
4508,  0.92
4509,  0.90
4510,  0.90
4511,  0.91
4512,  0.91
4513,  0.98
4514,  0.95
4515,  0.97
4516,  0.97
4517,  0.96
4518,  0.87
4519,  0.59
4520,  0.64
4521,  0.71
4522,  0.91
4523,  1.00
4524,  0.99
4525,  0.92
4526,  0.86
4527,  0.89
4528,  0.85
4529,  0.84
4530,  0.84
4531,  0.56
4532,  0.83
4533,  0.66
4534,  0.82
4535,  0.82
4536,  0.88
4537,  0.88
4538,  0.85
4539,  0.88
4540,  0.92
4541,  0.88
4542,  0.90
4543,  0.87
4544,  0.87
4545,  0.89
4546,  0.82
4547,  0.91
4548,  1.00
4549,  1.00
4550,  0.99
4551,  0.91
4552,  0.74
4553,  0.84
4554,  0.80
4555,  0.76
4556,  0.73
4557,  0.78
4558,  0.81
4559,  0.75
4560,  0.75
4561,  0.73
4562,  0.71
4563,  0.70
4564,  0.81
4565,  0.82
4566,  0.84
4567,  0.76
4568,  0.79
4569,  0.87
4570,  0.86
4571,  0.88
4572,  0.88
4573,  0.91
4574,  0.92
4575,  0.91
4576,  0.88
4577,  0.90
4578,  0.91
4579,  0.94
4580,  0.91
4581,  0.87
4582,  0.87
4583,  0.84
4584,  0.83
4585,  0.88
4586,  0.91
4587,  0.91
4588,  0.86
4589,  0.90
4590,  0.90
4591,  0.91
4592,  0.89
4593,  0.89
4594,  0.91
4595,  0.89
4596,  0.85
4597,  0.86
4598,  0.87
4599,  0.86
4600,  0.88
4601,  0.89
4602,  0.90
4603,  0.87
4604,  0.90
4605,  0.88
4606,  0.86
4607,  0.90
4608,  0.86
4609,  0.85
4610,  0.87
4611,  0.89
4612,  0.88
4613,  0.87
4614,  0.86
4615,  0.86
4616,  0.86
4617,  0.85
4618,  0.88
4619,  0.84
4620,  0.83
4621,  0.88
4622,  0.87
4623,  0.86
4624,  0.86
4625,  0.85
4626,  0.85
4627,  0.85
4628,  0.86
4629,  0.83
4630,  0.86
4631,  0.85
4632,  0.85
4633,  0.81
4634,  0.82
4635,  0.82
4636,  0.85
4637,  0.88
4638,  0.84
4639,  0.85
4640,  0.84
4641,  0.86
4642,  0.84
4643,  0.80
4644,  0.83
4645,  0.86
4646,  0.87
4647,  0.69
4648,  0.37
4649,  0.52
4650,  0.73
4651,  0.69
4652,  0.85
4653,  0.67
4654,  0.85
4655,  0.90
4656,  1.00
4657,  1.00
4658,  0.99
4659,  1.00
4660,  0.88
4661,  0.99
4662,  0.95
4663,  0.91
4664,  0.72
4665,  0.67
4666,  0.60
4667,  0.57
4668,  0.75
4669,  0.93
4670,  0.95
4671,  0.90
4672,  0.90
4673,  0.82
4674,  0.93
4675,  0.96
4676,  0.96
4677,  0.98
4678,  0.98
4679,  0.93
4680,  0.89
4681,  0.94
4682,  0.87
4683,  0.80
4684,  0.72
4685,  0.69
4686,  0.66
4687,  0.70
4688,  0.65
4689,  0.85
4690,  0.80
4691,  0.84
4692,  0.92
4693,  0.88
4694,  0.90
4695,  0.90
4696,  0.90
4697,  0.85
4698,  0.86
4699,  0.84
4700,  0.84
4701,  0.83
4702,  0.84
4703,  0.83
4704,  0.80
4705,  0.96
4706,  0.96
4707,  0.93
4708,  0.87
4709,  0.87
4710,  0.86
4711,  0.84
4712,  0.82
4713,  0.80
4714,  0.80
4715,  0.88
4716,  0.90
4717,  0.88
4718,  0.87
4719,  0.84
4720,  0.84
4721,  0.81
4722,  0.83
4723,  0.79
4724,  0.79
4725,  0.80
4726,  0.78
4727,  0.79
4728,  0.82
4729,  0.70
4730,  0.73
4731,  0.80
4732,  0.80
4733,  0.81
4734,  0.83
4735,  0.79
4736,  0.82
4737,  0.87
4738,  0.86
4739,  0.84
4740,  0.84
4741,  0.85
4742,  0.83
4743,  0.82
4744,  0.70
4745,  0.85
4746,  0.87
4747,  0.79
4748,  0.82
4749,  0.90
4750,  0.94
4751,  0.93
4752,  0.92
4753,  0.78
4754,  0.82
4755,  0.85
4756,  0.87
4757,  0.86
4758,  0.87
4759,  0.85
4760,  0.87
4761,  0.86
4762,  0.86
4763,  0.86
4764,  0.85
4765,  0.85
4766,  0.86
4767,  0.85
4768,  0.82
4769,  0.84
4770,  0.84
4771,  0.82
4772,  0.85
4773,  0.87
4774,  0.84
4775,  0.84
4776,  0.84
4777,  0.85
4778,  0.82
4779,  0.83
4780,  0.85
4781,  0.78
4782,  0.55
4783,  0.61
4784,  0.74
4785,  0.69
4786,  0.86
4787,  0.90
4788,  0.91
4789,  0.97
4790,  0.99
4791,  1.00
4792,  0.95
4793,  0.75
4794,  0.73
4795,  0.82
4796,  0.94
4797,  0.96
4798,  0.96
4799,  0.97
4800,  0.97
4801,  0.94
4802,  0.94
4803,  0.82
4804,  0.92
4805,  0.93
4806,  0.93
4807,  0.92
4808,  0.97
4809,  0.98
4810,  0.95
4811,  0.97
4812,  0.94
4813,  0.90
4814,  0.68
4815,  0.48
4816,  0.80
4817,  0.84
4818,  0.71
4819,  0.78
4820,  0.72
4821,  0.73
4822,  0.76
4823,  0.82
4824,  0.78
4825,  0.84
4826,  0.88
4827,  0.88
4828,  0.97
4829,  0.98
4830,  0.99
4831,  1.00
4832,  0.99
4833,  0.95
4834,  0.95
4835,  0.97
4836,  0.97
4837,  0.98
4838,  0.96
4839,  0.97
4840,  0.95
4841,  0.97
4842,  0.97
4843,  0.97
4844,  0.97
4845,  0.96
4846,  0.96
4847,  0.96
4848,  0.96
4849,  0.95
4850,  0.96
4851,  0.93
4852,  0.97
4853,  0.95
4854,  0.94
4855,  0.93
4856,  0.94
4857,  0.95
4858,  0.95
4859,  0.95
4860,  0.97
4861,  0.96
4862,  0.96
4863,  0.95
4864,  0.96
4865,  0.95
4866,  0.94
4867,  0.96
4868,  0.97
4869,  0.96
4870,  0.93
4871,  0.95
4872,  0.95
4873,  0.94
4874,  0.94
4875,  0.94
4876,  0.92
4877,  0.95
4878,  0.96
4879,  0.95
4880,  0.95
4881,  0.95
4882,  0.94
4883,  0.95
4884,  0.94
4885,  0.95
4886,  0.95
4887,  0.94
4888,  0.96
4889,  0.94
4890,  0.93
4891,  0.94
4892,  0.93
4893,  0.93
4894,  0.94
4895,  0.94
4896,  0.93
4897,  0.95
4898,  0.94
4899,  0.93
4900,  0.93
4901,  0.94
4902,  0.94
4903,  0.94
4904,  0.92
4905,  0.96
4906,  0.92
4907,  0.93
4908,  0.93
4909,  0.92
4910,  0.92
4911,  0.94
4912,  0.93
4913,  0.94
4914,  0.93
4915,  0.94
4916,  0.94
4917,  0.95
4918,  0.94
4919,  0.94
4920,  0.92
4921,  0.93
4922,  0.94
4923,  0.92
4924,  0.92
4925,  0.92
4926,  0.93
4927,  0.92
4928,  0.93
4929,  0.92
4930,  0.91
4931,  0.92
4932,  0.93
4933,  0.60
4934,  0.70
4935,  0.70
4936,  0.98
4937,  0.97
4938,  0.93
4939,  0.97
4940,  0.90
4941,  0.92
4942,  0.86
4943,  0.82
4944,  0.21
4945,  0.43
4946,  0.74
4947,  0.99
4948,  0.76
4949,  0.06
4950,  0.04
4951,  0.23
4952,  0.58
4953,  0.60
4954,  0.09
4955,  0.08
4956,  0.00
4957,  0.00
4958,  0.00
4959,  0.00
4960,  0.00
4961,  0.00
4962,  0.02
4963,  0.28
4964,  0.89
4965,  0.92
4966,  0.97
4967,  0.96
4968,  0.98
4969,  0.99
4970,  0.97
4971,  0.93
4972,  0.96
4973,  0.96
4974,  0.90
4975,  0.99
4976,  0.99
4977,  1.00
4978,  1.00
4979,  0.99
4980,  0.99
4981,  0.99
4982,  0.98
4983,  0.99
4984,  0.95
4985,  0.92
4986,  0.98
4987,  0.99
4988,  0.99
4989,  0.93
4990,  0.74
4991,  0.87
4992,  0.92
4993,  0.99
4994,  0.99
4995,  0.99
4996,  0.98
4997,  0.99
4998,  1.00
4999,  0.99
5000,  0.99
5001,  0.99
5002,  0.99
5003,  0.99
5004,  0.99
5005,  0.99
5006,  0.98
5007,  0.97
5008,  0.93
5009,  0.93
5010,  0.91
5011,  0.87
5012,  0.90
5013,  0.90
5014,  0.98
5015,  0.83
5016,  0.81
5017,  0.89
5018,  0.90
5019,  0.99
5020,  0.91
5021,  1.00
5022,  0.96
5023,  0.99
5024,  0.98
5025,  0.98
5026,  0.99
5027,  0.98
5028,  0.99
5029,  0.99
5030,  0.98
5031,  0.98
5032,  0.96
5033,  0.96
5034,  0.92
5035,  0.97
5036,  0.97
5037,  0.98
5038,  0.97
5039,  0.95
5040,  0.98
5041,  0.97
5042,  0.96
5043,  0.96
5044,  0.96
5045,  0.97
5046,  0.98
5047,  0.98
5048,  0.97
5049,  0.97
5050,  0.97
5051,  0.97
5052,  0.95
5053,  0.96
5054,  0.97
5055,  0.97
5056,  0.97
5057,  0.97
5058,  0.97
5059,  0.97
5060,  0.95
5061,  0.97
5062,  0.97
5063,  0.97
5064,  0.96
5065,  0.96
5066,  0.97
5067,  0.97
5068,  0.95
5069,  0.97
5070,  0.95
5071,  0.96
5072,  0.96
5073,  0.97
5074,  0.96
5075,  0.97
5076,  0.96
5077,  0.92
5078,  0.95
5079,  0.96
5080,  0.95
5081,  0.92
5082,  0.96
5083,  0.96
5084,  0.94
5085,  0.94
5086,  0.92
5087,  0.94
5088,  0.94
5089,  0.94
5090,  0.93
5091,  0.93
5092,  0.94
5093,  0.90
5094,  0.93
5095,  0.95
5096,  0.93
5097,  0.91
5098,  0.93
5099,  0.94
5100,  0.88
5101,  0.90
5102,  0.91
5103,  0.92
5104,  0.91
5105,  0.91
5106,  0.89
5107,  0.91
5108,  0.92
5109,  0.93
5110,  0.91
5111,  0.89
5112,  0.83
5113,  0.87
5114,  0.91
5115,  0.89
5116,  0.90
5117,  0.87
5118,  0.89
5119,  0.88
5120,  0.88
5121,  0.89
5122,  0.89
5123,  0.92
5124,  0.88
5125,  0.80
5126,  0.92
5127,  0.90
5128,  0.88
5129,  0.87
5130,  0.86
5131,  0.87
5132,  0.88
5133,  0.89
5134,  0.89
5135,  0.86
5136,  0.88
5137,  0.84
5138,  0.91
5139,  0.90
5140,  0.85
5141,  0.91
5142,  0.90
5143,  0.91
5144,  0.89
5145,  0.89
5146,  0.91
5147,  0.93
5148,  0.92
5149,  0.91
5150,  0.87
5151,  0.87
5152,  0.87
5153,  0.93
5154,  0.96
5155,  0.92
5156,  0.93
5157,  0.89
5158,  0.89
5159,  0.90
5160,  0.87
5161,  0.91
5162,  0.93
5163,  0.92
5164,  0.92
5165,  0.89
5166,  0.91
5167,  0.92
5168,  0.90
5169,  0.67
5170,  0.83
5171,  0.95
5172,  0.95
5173,  0.99
5174,  1.00
5175,  1.00
5176,  1.00
5177,  0.99
5178,  0.86
5179,  0.94
5180,  0.81
5181,  0.96
5182,  0.98
5183,  0.98
5184,  0.98
5185,  0.97
5186,  0.97
5187,  0.98
5188,  0.97
5189,  0.97
5190,  0.96
5191,  0.94
5192,  0.93
5193,  0.88
5194,  0.83
5195,  0.82
5196,  0.84
5197,  0.84
5198,  0.83
5199,  0.79
5200,  0.76
5201,  0.71
5202,  0.68
5203,  0.72
5204,  0.72
5205,  0.76
5206,  0.83
5207,  0.83
5208,  0.80
5209,  0.76
5210,  0.74
5211,  0.77
5212,  0.88
5213,  0.89
5214,  0.89
5215,  0.88
5216,  0.88
5217,  0.88
5218,  0.80
5219,  0.87
5220,  0.86
5221,  0.87
5222,  0.85
5223,  0.85
5224,  0.84
5225,  0.91
5226,  0.94
5227,  0.92
5228,  0.91
5229,  0.89
5230,  0.89
5231,  0.85
5232,  0.90
5233,  0.85
5234,  0.88
5235,  0.81
5236,  0.88
5237,  0.88
5238,  0.83
5239,  0.89
5240,  0.88
5241,  0.80
5242,  0.88
5243,  0.89
5244,  0.87
5245,  0.87
5246,  0.91
5247,  0.81
5248,  0.88
5249,  0.90
5250,  0.81
5251,  0.73
5252,  0.75
5253,  0.83
5254,  0.81
5255,  0.84
5256,  0.83
5257,  0.85
5258,  0.85
5259,  0.88
5260,  0.89
5261,  0.86
5262,  0.86
5263,  0.90
5264,  0.85
5265,  0.98
5266,  0.98
5267,  0.94
5268,  0.92
5269,  0.90
5270,  0.90
5271,  0.92
5272,  0.93
5273,  0.93
5274,  0.90
5275,  0.90
5276,  0.92
5277,  0.92
5278,  0.91
5279,  0.90
5280,  0.90
5281,  0.82
5282,  0.95
5283,  0.93
5284,  0.95
5285,  0.93
5286,  0.93
5287,  0.94
5288,  0.94
5289,  0.91
5290,  0.94
5291,  0.92
5292,  0.91
5293,  0.94
5294,  0.95
5295,  0.91
5296,  0.93
5297,  0.90
5298,  0.95
5299,  0.95
5300,  0.94
5301,  0.94
5302,  0.94
5303,  0.93
5304,  0.93
5305,  0.92
5306,  0.91
5307,  0.91
5308,  0.94
5309,  0.94
5310,  0.94
5311,  0.94
5312,  0.93
5313,  0.92
5314,  0.94
5315,  0.93
5316,  0.94
5317,  0.92
5318,  0.85
5319,  0.93
5320,  0.95
5321,  0.94
5322,  0.92
5323,  0.93
5324,  0.90
5325,  0.90
5326,  0.92
5327,  0.94
5328,  0.92
5329,  0.92
5330,  0.89
5331,  0.92
5332,  0.91
5333,  0.90
5334,  0.93
5335,  0.93
5336,  0.92
5337,  0.94
5338,  0.93
5339,  0.70
5340,  0.36
5341,  0.92
5342,  0.97
5343,  0.94
5344,  0.97
5345,  0.95
5346,  0.87
5347,  0.86
5348,  0.85
5349,  0.82
5350,  0.87
5351,  0.82
5352,  0.79
5353,  0.83
5354,  0.82
5355,  0.85
5356,  0.86
5357,  0.87
5358,  0.86
5359,  0.83
5360,  0.76
5361,  0.78
5362,  0.83
5363,  0.80
5364,  0.86
5365,  0.92
5366,  0.90
5367,  0.91
5368,  0.95
5369,  0.92
5370,  0.90
5371,  0.91
5372,  0.93
5373,  0.92
5374,  0.91
5375,  0.91
5376,  0.94
5377,  0.92
5378,  0.94
5379,  0.88
5380,  0.98
5381,  0.97
5382,  0.96
5383,  0.95
5384,  0.93
5385,  0.92
5386,  0.93
5387,  0.93
5388,  0.93
5389,  0.93
5390,  0.94
5391,  0.94
5392,  0.92
5393,  0.93
5394,  0.92
5395,  0.92
5396,  0.91
5397,  0.92
5398,  0.93
5399,  0.94
5400,  0.94
5401,  0.94
5402,  0.91
5403,  0.94
5404,  0.96
5405,  0.93
5406,  0.92
5407,  0.93
5408,  0.93
5409,  0.95
5410,  0.95
5411,  0.94
5412,  0.94
5413,  0.94
5414,  0.92
5415,  0.91
5416,  0.99
5417,  0.99
5418,  0.98
5419,  0.97
5420,  0.95
5421,  0.93
5422,  0.93
5423,  0.79
5424,  0.99
5425,  0.88
5426,  0.90
5427,  0.98
5428,  0.99
5429,  1.00
5430,  0.96
5431,  0.75
5432,  0.88
5433,  0.96
5434,  0.94
5435,  0.94
5436,  0.96
5437,  0.95
5438,  0.93
5439,  0.94
5440,  0.93
5441,  0.96
5442,  0.95
5443,  0.95
5444,  0.95
5445,  0.89
5446,  0.92
5447,  0.94
5448,  0.94
5449,  0.94
5450,  0.93
5451,  0.94
5452,  0.93
5453,  0.93
5454,  0.95
5455,  0.95
5456,  0.95
5457,  0.92
5458,  0.95
5459,  0.93
5460,  0.92
5461,  0.95
5462,  0.92
5463,  0.94
5464,  0.95
5465,  0.96
5466,  0.94
5467,  0.93
5468,  0.96
5469,  0.96
5470,  0.94
5471,  0.95
5472,  0.93
5473,  0.94
5474,  0.94
5475,  0.95
5476,  0.92
5477,  0.96
5478,  0.95
5479,  0.94
5480,  0.94
5481,  0.95
5482,  0.94
5483,  0.86
5484,  0.92
5485,  0.96
5486,  0.97
5487,  0.97
5488,  0.98
5489,  0.97
5490,  0.96
5491,  0.95
5492,  0.94
5493,  0.94
5494,  0.94
5495,  0.94
5496,  0.95
5497,  0.95
5498,  0.95
5499,  0.88
5500,  0.95
5501,  0.97
5502,  0.96
5503,  0.95
5504,  0.96
5505,  0.97
5506,  0.94
5507,  0.95
5508,  0.96
5509,  0.96
5510,  0.96
5511,  0.96
5512,  0.95
5513,  0.97
5514,  0.96
5515,  0.96
5516,  0.96
5517,  0.96
5518,  0.96
5519,  0.96
5520,  0.96
5521,  0.96
5522,  0.96
5523,  0.97
5524,  0.95
5525,  0.97
5526,  0.96
5527,  0.96
5528,  0.97
5529,  0.97
5530,  0.97
5531,  0.97
5532,  0.96
5533,  0.96
5534,  0.89
5535,  0.94
5536,  0.95
5537,  0.96
5538,  0.97
5539,  0.97
5540,  0.97
5541,  0.97
5542,  0.98
5543,  0.98
5544,  0.97
5545,  0.96
5546,  0.96
5547,  0.98
5548,  0.96
5549,  0.97
5550,  0.94
5551,  0.93
5552,  0.97
5553,  0.96
5554,  0.97
5555,  0.97
5556,  0.97
5557,  0.97
5558,  0.96
5559,  0.96
5560,  0.96
5561,  0.94
5562,  0.95
5563,  0.97
5564,  0.92
5565,  0.90
5566,  0.93
5567,  0.95
5568,  0.96
5569,  0.97
5570,  0.97
5571,  0.98
5572,  0.98
5573,  0.98
5574,  0.98
5575,  0.97
5576,  0.96
5577,  0.97
5578,  0.86
5579,  0.81
5580,  0.99
5581,  0.99
5582,  1.00
5583,  1.00
5584,  0.99
5585,  0.98
5586,  0.98
5587,  0.97
5588,  0.96
5589,  0.93
5590,  0.91
5591,  0.91
5592,  0.90
5593,  0.92
5594,  0.94
5595,  0.95
5596,  0.96
5597,  0.93
5598,  0.96
5599,  0.97
5600,  0.95
5601,  0.96
5602,  0.96
5603,  0.96
5604,  0.95
5605,  0.95
5606,  0.96
5607,  0.97
5608,  0.95
5609,  0.98
5610,  0.97
5611,  0.97
5612,  0.95
5613,  0.90
5614,  0.96
5615,  0.98
5616,  0.96
5617,  0.94
5618,  0.97
5619,  0.95
5620,  0.86
5621,  0.88
5622,  0.94
5623,  0.97
5624,  0.97
5625,  0.98
5626,  0.97
5627,  0.97
5628,  0.97
5629,  0.97
5630,  0.97
5631,  0.96
5632,  0.97
5633,  0.97
5634,  0.97
5635,  0.97
5636,  0.97
5637,  0.86
5638,  0.78
5639,  0.87
5640,  0.95
5641,  0.92
5642,  0.93
5643,  0.74
5644,  0.92
5645,  0.99
5646,  0.97
5647,  0.92
5648,  0.92
5649,  0.98
5650,  0.95
5651,  0.92
5652,  0.89
5653,  0.84
5654,  0.91
5655,  0.98
5656,  0.98
5657,  0.98
5658,  0.97
5659,  0.99
5660,  0.99
5661,  0.96
5662,  0.91
5663,  0.83
5664,  0.94
5665,  0.88
5666,  0.94
5667,  0.70
5668,  0.57
5669,  0.64
5670,  0.02
5671,  0.30
5672,  0.00
5673,  0.00
5674,  0.24
5675,  0.13
5676,  0.58
5677,  0.89
5678,  0.78
5679,  0.22
5680,  0.55
5681,  0.50
5682,  0.36
5683,  0.24
5684,  0.00
5685,  0.00
5686,  0.00
5687,  0.00
5688,  0.01
5689,  0.10
5690,  0.18
5691,  0.20
5692,  0.16
5693,  0.07
5694,  0.07
5695,  0.01
5696,  0.00
5697,  0.24
5698,  0.20
5699,  0.00
5700,  0.01
5701,  0.00
5702,  0.00
5703,  0.02
5704,  0.04
5705,  0.35
5706,  0.00
5707,  0.13
5708,  0.09
5709,  0.00
5710,  0.00
5711,  0.00
5712,  0.07
5713,  0.25
5714,  0.11
5715,  0.00
5716,  0.00
5717,  0.03
5718,  0.19
5719,  0.13
5720,  0.35
5721,  0.32
5722,  0.38
5723,  0.31
5724,  0.03
5725,  0.01
5726,  0.00
5727,  0.00
5728,  0.00
5729,  0.00
5730,  0.13
5731,  0.72
5732,  0.72
5733,  0.86
5734,  0.50
5735,  0.06
5736,  0.03
5737,  0.14
5738,  0.89
5739,  1.00
5740,  1.00
5741,  1.00
5742,  0.99
5743,  0.98
5744,  1.00
5745,  0.98
5746,  0.97
5747,  0.91
5748,  0.91
5749,  0.94
5750,  0.98
5751,  0.99
5752,  0.98
5753,  0.97
5754,  0.97
5755,  0.98
5756,  1.00
5757,  0.99
5758,  0.86
5759,  0.77
5760,  0.86
5761,  0.98
5762,  0.99
5763,  0.99
5764,  0.99
5765,  0.99
5766,  0.98
5767,  0.97
5768,  0.98
5769,  0.98
5770,  0.93
5771,  0.86
5772,  0.89
5773,  0.83
5774,  0.82
5775,  0.74
5776,  0.91
5777,  0.84
5778,  0.89
5779,  0.92
5780,  0.97
5781,  0.96
5782,  0.97
5783,  0.96
5784,  0.95
5785,  0.97
5786,  0.96
5787,  0.97
5788,  0.96
5789,  0.95
5790,  0.97
5791,  0.96
5792,  0.96
5793,  0.98
5794,  0.98
5795,  0.98
5796,  0.97
5797,  0.97
5798,  0.98
5799,  0.94
5800,  0.95
5801,  0.97
5802,  0.97
5803,  0.97
5804,  0.92
5805,  0.96
5806,  0.95
5807,  0.95
5808,  0.93
5809,  0.91
5810,  0.87
5811,  0.83
5812,  0.84
5813,  0.80
5814,  0.80
5815,  0.78
5816,  0.77
5817,  0.83
5818,  0.87
5819,  0.84
5820,  0.85
5821,  0.85
5822,  0.87
5823,  0.86
5824,  0.88
5825,  0.90
5826,  0.90
5827,  0.89
5828,  0.82
5829,  0.97
5830,  0.97
5831,  0.95
5832,  0.94
5833,  0.94
5834,  0.94
5835,  0.94
5836,  0.94
5837,  0.96
5838,  0.93
5839,  0.92
5840,  0.94
5841,  0.94
5842,  0.94
5843,  0.88
5844,  0.93
5845,  0.99
5846,  0.99
5847,  0.98
5848,  0.97
5849,  0.96
5850,  0.95
5851,  0.92
5852,  0.91
5853,  0.91
5854,  0.90
5855,  0.92
5856,  0.94
5857,  0.93
5858,  0.93
5859,  0.94
5860,  0.96
5861,  0.95
5862,  0.96
5863,  0.96
5864,  0.89
5865,  0.87
5866,  0.92
5867,  0.91
5868,  0.87
5869,  0.89
5870,  0.90
5871,  0.87
5872,  0.85
5873,  0.84
5874,  0.85
5875,  0.85
5876,  0.92
5877,  0.98
5878,  0.95
5879,  0.92
5880,  0.91
5881,  0.88
5882,  0.84
5883,  0.81
5884,  0.84
5885,  0.87
5886,  0.89
5887,  0.87
5888,  0.94
5889,  0.95
5890,  0.89
5891,  0.78
5892,  0.79
5893,  0.82
5894,  0.81
5895,  0.81
5896,  0.83
5897,  0.84
5898,  0.85
5899,  0.86
5900,  0.91
5901,  0.94
5902,  0.93
5903,  0.93
5904,  0.95
5905,  0.95
5906,  0.96
5907,  0.92
5908,  0.95
5909,  0.97
5910,  0.95
5911,  0.96
5912,  0.93
5913,  0.96
5914,  0.88
5915,  0.89
5916,  0.90
5917,  0.94
5918,  0.96
5919,  0.96
5920,  0.97
5921,  0.97
5922,  0.94
5923,  0.94
5924,  0.92
5925,  0.95
5926,  0.96
5927,  0.98
5928,  0.96
5929,  0.97
5930,  0.97
5931,  0.94
5932,  0.88
5933,  0.94
5934,  0.97
5935,  0.97
5936,  0.98
5937,  0.97
5938,  0.98
5939,  0.88
5940,  0.83
5941,  0.89
5942,  0.90
5943,  0.92
5944,  0.91
5945,  0.92
5946,  0.93
5947,  0.95
5948,  0.94
5949,  0.94
5950,  0.95
5951,  0.95
5952,  0.97
5953,  0.96
5954,  0.97
5955,  0.99
5956,  0.96
5957,  0.96
5958,  0.96
5959,  0.94
5960,  0.93
5961,  0.94
5962,  0.95
5963,  0.95
5964,  0.95
5965,  0.97
5966,  0.94
5967,  0.95
5968,  0.97
5969,  0.96
5970,  0.97
5971,  0.97
5972,  0.93
5973,  0.95
5974,  0.94
5975,  0.95
5976,  0.95
5977,  0.95
5978,  0.97
5979,  0.96
5980,  0.96
5981,  0.96
5982,  0.98
5983,  0.95
5984,  0.97
5985,  0.91
5986,  0.88
5987,  0.95
5988,  0.97
5989,  0.97
5990,  0.95
5991,  0.94
5992,  0.97
5993,  0.97
5994,  0.96
5995,  0.97
5996,  0.91
5997,  0.96
5998,  0.96
5999,  0.97
6000,  0.98
6001,  0.98
6002,  0.97
6003,  0.97
6004,  0.97
6005,  0.97
6006,  0.97
6007,  0.96
6008,  0.93
6009,  0.94
6010,  0.95
6011,  0.97
6012,  0.96
6013,  0.94
6014,  0.96
6015,  0.97
6016,  0.97
6017,  0.97
6018,  0.97
6019,  0.96
6020,  0.96
6021,  0.97
6022,  0.95
6023,  0.97
6024,  0.92
6025,  0.95
6026,  0.96
6027,  0.97
6028,  0.95
6029,  0.93
6030,  0.97
6031,  0.96
6032,  0.96
6033,  0.96
6034,  0.97
6035,  0.97
6036,  0.97
6037,  0.96
6038,  0.97
6039,  0.98
6040,  0.97
6041,  0.95
6042,  0.97
6043,  0.98
6044,  0.98
6045,  0.94
6046,  0.98
6047,  0.97
6048,  0.89
6049,  0.94
6050,  0.95
6051,  0.95
6052,  0.96
6053,  0.97
6054,  0.97
6055,  0.97
6056,  0.97
6057,  0.97
6058,  0.97
6059,  0.95
6060,  0.98
6061,  0.98
6062,  0.97
6063,  0.95
6064,  0.98
6065,  0.97
6066,  0.97
6067,  0.98
6068,  0.98
6069,  0.98
6070,  0.85
6071,  0.96
6072,  0.97
6073,  0.95
6074,  0.93
6075,  0.97
6076,  0.97
6077,  0.97
6078,  0.97
6079,  0.97
6080,  0.98
6081,  0.96
6082,  0.97
6083,  0.98
6084,  0.98
6085,  0.98
6086,  0.98
6087,  0.88
6088,  0.98
6089,  0.98
6090,  0.98
6091,  0.98
6092,  0.98
6093,  0.97
6094,  0.98
6095,  0.98
6096,  0.98
6097,  0.98
6098,  0.97
6099,  0.97
6100,  0.98
6101,  0.98
6102,  0.98
6103,  0.94
6104,  0.99
6105,  0.99
6106,  0.98
6107,  0.98
6108,  0.98
6109,  0.98
6110,  0.98
6111,  0.97
6112,  0.99
6113,  0.94
6114,  0.98
6115,  0.98
6116,  0.98
6117,  0.98
6118,  0.94
6119,  0.96
6120,  0.96
6121,  0.98
6122,  0.99
6123,  0.98
6124,  0.98
6125,  0.87
6126,  0.97
6127,  0.99
6128,  0.98
6129,  0.96
6130,  0.97
6131,  0.98
6132,  0.95
6133,  0.90
6134,  0.97
6135,  0.98
6136,  0.98
6137,  0.97
6138,  0.97
6139,  0.98
6140,  0.97
6141,  0.97
6142,  0.99
6143,  0.99
6144,  0.97
6145,  0.98
6146,  0.96
6147,  0.99
6148,  0.99
6149,  0.98
6150,  0.97
6151,  0.98
6152,  0.98
6153,  0.93
6154,  0.98
6155,  0.97
6156,  0.98
6157,  0.97
6158,  0.97
6159,  0.98
6160,  0.97
6161,  0.98
6162,  0.99
6163,  0.98
6164,  0.98
6165,  0.99
6166,  0.98
6167,  0.98
6168,  0.98
6169,  0.98
6170,  0.97
6171,  0.97
6172,  0.97
6173,  0.98
6174,  0.99
6175,  0.98
6176,  0.99
6177,  0.98
6178,  0.89
6179,  0.78
6180,  0.96
6181,  0.99
6182,  0.98
6183,  0.96
6184,  0.96
6185,  0.97
6186,  0.97
6187,  0.97
6188,  0.97
6189,  0.98
6190,  0.97
6191,  0.98
6192,  0.98
6193,  0.97
6194,  0.98
6195,  0.96
6196,  0.98
6197,  0.98
6198,  0.99
6199,  0.97
6200,  0.95
6201,  0.97
6202,  0.97
6203,  0.98
6204,  0.98
6205,  0.98
6206,  0.98
6207,  0.96
6208,  0.99
6209,  0.99
6210,  0.99
6211,  0.99
6212,  0.92
6213,  1.00
6214,  1.00
6215,  1.00
6216,  1.00
6217,  0.99
6218,  0.99
6219,  0.99
6220,  0.99
6221,  0.99
6222,  0.97
6223,  0.98
6224,  0.98
6225,  0.98
6226,  0.98
6227,  0.98
6228,  0.99
6229,  0.98
6230,  0.98
6231,  0.98
6232,  0.98
6233,  0.98
6234,  0.98
6235,  0.97
6236,  0.99
6237,  0.99
6238,  0.98
6239,  0.99
6240,  0.99
6241,  0.97
6242,  0.99
6243,  0.98
6244,  0.98
6245,  0.98
6246,  0.96
6247,  0.98
6248,  0.99
6249,  0.99
6250,  0.98
6251,  1.00
6252,  0.99
6253,  0.99
6254,  0.99
6255,  0.99
6256,  0.98
6257,  0.98
6258,  0.99
6259,  0.99
6260,  0.98
6261,  0.98
6262,  0.98
6263,  0.99
6264,  0.99
6265,  0.98
6266,  0.99
6267,  0.99
6268,  0.98
6269,  0.99
6270,  0.98
6271,  0.99
6272,  0.98
6273,  0.98
6274,  0.92
6275,  1.00
6276,  0.99
6277,  0.99
6278,  0.98
6279,  0.98
6280,  0.99
6281,  0.99
6282,  0.98
6283,  0.98
6284,  0.98
6285,  0.98
6286,  0.99
6287,  0.99
6288,  0.99
6289,  0.98
6290,  0.99
6291,  0.90
6292,  0.99
6293,  0.99
6294,  0.99
6295,  0.99
6296,  0.99
6297,  0.99
6298,  0.99
6299,  0.99
6300,  0.99
6301,  0.99
6302,  0.99
6303,  0.99
6304,  0.99
6305,  0.94
6306,  0.99
6307,  0.99
6308,  1.00
6309,  0.99
6310,  0.99
6311,  0.99
6312,  0.99
6313,  0.99
6314,  0.98
6315,  0.97
6316,  0.99
6317,  0.99
6318,  0.99
6319,  0.99
6320,  0.98
6321,  0.99
6322,  0.99
6323,  0.99
6324,  0.99
6325,  0.98
6326,  0.99
6327,  0.93
6328,  0.99
6329,  0.99
6330,  0.99
6331,  0.99
6332,  0.99
6333,  1.00
6334,  0.99
6335,  0.99
6336,  0.99
6337,  0.99
6338,  0.95
6339,  0.95
6340,  0.99
6341,  0.99
6342,  0.99
6343,  0.99
6344,  1.00
6345,  1.00
6346,  0.99
6347,  0.99
6348,  0.99
6349,  0.99
6350,  0.99
6351,  0.99
6352,  0.99
6353,  0.99
6354,  0.99
6355,  0.99
6356,  0.99
6357,  0.23
6358,  0.00
6359,  0.00
6360,  0.00
6361,  0.00
6362,  0.01
6363,  0.01
6364,  0.20
6365,  0.85
6366,  0.99
6367,  0.98
6368,  0.99
6369,  0.98
6370,  0.99
6371,  0.98
6372,  0.97
6373,  0.97
6374,  0.97
6375,  0.98
6376,  0.98
6377,  0.97
6378,  0.80
6379,  1.00
6380,  0.40
6381,  0.18
6382,  0.91
6383,  0.99
6384,  0.97
6385,  0.97
6386,  0.94
6387,  0.86
6388,  0.99
6389,  0.99
6390,  0.97
6391,  0.96
6392,  0.96
6393,  0.90
6394,  0.43
6395,  0.10
6396,  0.37
6397,  0.22
6398,  0.58
6399,  0.84
6400,  0.95
6401,  0.99
6402,  1.00
6403,  0.99
6404,  0.99
6405,  0.97
6406,  0.66
6407,  0.80
6408,  0.95
6409,  0.87
6410,  0.07
6411,  0.65
6412,  0.95
6413,  0.91
6414,  0.97
6415,  1.00
6416,  1.00
6417,  1.00
6418,  1.00
6419,  1.00
6420,  1.00
6421,  1.00
6422,  1.00
6423,  1.00
6424,  1.00
6425,  1.00
6426,  0.97
6427,  0.98
6428,  0.99
6429,  0.97
6430,  0.98
6431,  0.98
6432,  0.98
6433,  0.99
6434,  0.98
6435,  0.84
6436,  0.98
6437,  1.00
6438,  0.99
6439,  0.99
6440,  0.98
6441,  0.98
6442,  0.99
6443,  0.99
6444,  0.98
6445,  0.99
6446,  0.99
6447,  0.99
6448,  0.99
6449,  0.98
6450,  0.99
6451,  0.98
6452,  0.98
6453,  0.74
6454,  0.90
6455,  0.96
6456,  0.97
6457,  0.98
6458,  0.99
6459,  0.99
6460,  0.99
6461,  0.99
6462,  0.98
6463,  0.98
6464,  0.98
6465,  0.98
6466,  0.98
6467,  0.97
6468,  0.62
6469,  0.89
6470,  0.97
6471,  0.98
6472,  0.78
6473,  0.82
6474,  0.90
6475,  0.95
6476,  0.99
6477,  1.00
6478,  1.00
6479,  0.67
6480,  0.10
6481,  0.05
6482,  0.28
6483,  0.19
6484,  0.81
6485,  0.96
6486,  0.86
6487,  0.93
6488,  0.97
6489,  0.96
6490,  0.96
6491,  0.96
6492,  0.87
6493,  0.86
6494,  0.89
6495,  0.91
6496,  0.91
6497,  0.92
6498,  0.91
6499,  0.93
6500,  0.95
6501,  0.95
6502,  0.88
6503,  0.91
6504,  0.94
6505,  0.63
6506,  0.86
6507,  0.80
6508,  0.84
6509,  0.99
6510,  1.00
6511,  1.00
6512,  1.00
6513,  1.00
6514,  1.00
6515,  1.00
6516,  1.00
6517,  0.99
6518,  0.97
6519,  0.80
6520,  0.90
6521,  0.87
6522,  0.91
6523,  0.95
6524,  0.97
6525,  0.97
6526,  0.99
6527,  0.99
6528,  1.00
6529,  1.00
6530,  1.00
6531,  0.99
6532,  0.99
6533,  0.99
6534,  0.99
6535,  0.98
6536,  0.96
6537,  0.98
6538,  0.99
6539,  1.00
6540,  1.00
6541,  0.99
6542,  0.98
6543,  0.66
6544,  0.72
6545,  0.79
6546,  0.65
6547,  0.79
6548,  0.80
6549,  0.82
6550,  0.77
6551,  0.79
6552,  0.82
6553,  0.79
6554,  0.34
6555,  0.22
6556,  0.33
6557,  0.34
6558,  0.41
6559,  0.37
6560,  0.40
6561,  0.91
6562,  0.90
6563,  0.90
6564,  0.90
6565,  0.88
6566,  0.78
6567,  0.89
6568,  0.96
6569,  0.98
6570,  0.98
6571,  0.98
6572,  0.99
6573,  0.96
6574,  0.97
6575,  0.98
6576,  0.97
6577,  0.97
6578,  0.90
6579,  0.95
6580,  0.97
6581,  0.98
6582,  0.97
6583,  0.90
6584,  0.97
6585,  0.99
6586,  1.00
6587,  1.00
6588,  1.00
6589,  1.00
6590,  0.99
6591,  0.99
6592,  1.00
6593,  1.00
6594,  1.00
6595,  1.00
6596,  1.00
6597,  0.99
6598,  0.90
6599,  0.85
6600,  0.95
6601,  0.93
6602,  0.95
6603,  0.96
6604,  0.96
6605,  0.96
6606,  0.97
6607,  0.96
6608,  0.91
6609,  0.89
6610,  0.96
6611,  0.96
6612,  0.99
6613,  0.99
6614,  0.99
6615,  0.96
6616,  1.00
6617,  1.00
6618,  1.00
6619,  1.00
6620,  0.99
6621,  1.00
6622,  0.99
6623,  1.00
6624,  1.00
6625,  1.00
6626,  1.00
6627,  0.99
6628,  0.84
6629,  0.87
6630,  0.91
6631,  0.86
6632,  0.76
6633,  0.84
6634,  0.57
6635,  0.95
6636,  0.91
6637,  0.83
6638,  0.80
6639,  0.84
6640,  0.89
6641,  0.93
6642,  0.98
6643,  0.98
6644,  0.99
6645,  0.99
6646,  0.99
6647,  0.99
6648,  1.00
6649,  1.00
6650,  1.00
6651,  1.00
6652,  0.99
6653,  0.72
6654,  0.19
6655,  0.08
6656,  0.49
6657,  0.17
6658,  0.04
6659,  0.02
6660,  0.04
6661,  0.29
6662,  0.52
6663,  0.93
6664,  0.57
6665,  0.77
6666,  0.99
6667,  0.95
6668,  0.99
6669,  1.00
6670,  0.99
6671,  1.00
6672,  0.99
6673,  0.99
6674,  0.99
6675,  0.99
6676,  0.99
6677,  1.00
6678,  1.00
6679,  0.99
6680,  0.98
6681,  0.98
6682,  0.98
6683,  0.97
6684,  0.98
6685,  0.98
6686,  0.98
6687,  0.97
6688,  0.98
6689,  0.98
6690,  0.97
6691,  0.95
6692,  0.95
6693,  0.97
6694,  0.97
6695,  0.97
6696,  0.95
6697,  0.99
6698,  1.00
6699,  0.99
6700,  0.99
6701,  0.99
6702,  0.99
6703,  0.99
6704,  0.99
6705,  0.99
6706,  0.98
6707,  0.99
6708,  0.99
6709,  0.99
6710,  0.99
6711,  0.99
6712,  0.94
6713,  0.98
6714,  0.99
6715,  0.99
6716,  1.00
6717,  0.99
6718,  1.00
6719,  1.00
6720,  1.00
6721,  0.99
6722,  0.99
6723,  0.99
6724,  0.99
6725,  0.99
6726,  0.98
6727,  0.99
6728,  0.95
6729,  0.94
6730,  0.97
6731,  0.98
6732,  0.98
6733,  0.98
6734,  0.92
6735,  0.95
6736,  0.97
6737,  0.99
6738,  0.98
6739,  0.99
6740,  0.99
6741,  0.99
6742,  0.99
6743,  0.99
6744,  0.99
6745,  0.99
6746,  0.99
6747,  0.99
6748,  0.99
6749,  0.99
6750,  0.99
6751,  0.99
6752,  0.99
6753,  0.99
6754,  0.99
6755,  0.99
6756,  0.99
6757,  0.99
6758,  0.99
6759,  1.00
6760,  0.99
6761,  0.99
6762,  0.94
6763,  0.89
6764,  0.94
6765,  1.00
6766,  0.86
6767,  1.00
6768,  0.87
6769,  0.85
6770,  0.97
6771,  0.98
6772,  1.00
6773,  1.00
6774,  1.00
6775,  1.00
6776,  1.00
6777,  0.99
6778,  0.99
6779,  0.99
6780,  0.99
6781,  0.92
6782,  0.92
6783,  0.95
6784,  0.97
6785,  0.98
6786,  0.97
6787,  0.96
6788,  0.98
6789,  0.97
6790,  0.98
6791,  0.99
6792,  0.99
6793,  0.98
6794,  0.99
6795,  0.99
6796,  0.99
6797,  0.99
6798,  0.99
6799,  0.99
6800,  0.96
6801,  0.99
6802,  1.00
6803,  0.99
6804,  0.96
6805,  0.98
6806,  1.00
6807,  0.99
6808,  1.00
6809,  0.99
6810,  1.00
6811,  0.99
6812,  0.99
6813,  0.99
6814,  0.99
6815,  1.00
6816,  1.00
6817,  0.99
6818,  1.00
6819,  0.96
6820,  0.97
6821,  0.99
6822,  1.00
6823,  0.99
6824,  0.99
6825,  0.99
6826,  0.99
6827,  0.99
6828,  0.99
6829,  0.99
6830,  0.99
6831,  0.99
6832,  0.99
6833,  0.99
6834,  1.00
6835,  0.99
6836,  0.99
6837,  1.00
6838,  0.93
6839,  0.97
6840,  1.00
6841,  1.00
6842,  1.00
6843,  1.00
6844,  1.00
6845,  0.99
6846,  0.99
6847,  1.00
6848,  1.00
6849,  1.00
6850,  0.99
6851,  1.00
6852,  0.81
6853,  0.34
6854,  0.43
6855,  0.96
6856,  0.99
6857,  1.00
6858,  0.99
6859,  0.98
6860,  0.98
6861,  0.99
6862,  0.98
6863,  1.00
6864,  1.00
6865,  1.00
6866,  1.00
6867,  1.00
6868,  0.92
6869,  0.82
6870,  0.85
6871,  0.44
6872,  0.03
6873,  0.43
6874,  0.98
6875,  0.96
6876,  0.94
6877,  0.96
6878,  0.96
6879,  0.95
6880,  0.94
6881,  0.93
6882,  0.93
6883,  0.93
6884,  0.95
6885,  0.96
6886,  0.92
6887,  0.84
6888,  0.59
6889,  0.52
6890,  0.74
6891,  0.86
6892,  0.95
6893,  0.92
6894,  0.80
6895,  0.83
6896,  0.50
6897,  0.89
6898,  0.85
6899,  0.85
6900,  0.83
6901,  0.85
6902,  0.83
6903,  0.87
6904,  0.86
6905,  0.87
6906,  0.72
6907,  0.42
6908,  0.71
6909,  0.76
6910,  0.64
6911,  0.73
6912,  0.98
6913,  0.99
6914,  0.97
6915,  0.98
6916,  0.98
6917,  0.98
6918,  0.97
6919,  0.97
6920,  0.97
6921,  0.96
6922,  0.95
6923,  0.99
6924,  0.87
6925,  0.92
6926,  0.94
6927,  0.99
6928,  0.99
6929,  0.99
6930,  0.99
6931,  0.99
6932,  0.99
6933,  0.99
6934,  0.99
6935,  0.99
6936,  0.99
6937,  0.99
6938,  0.99
6939,  0.99
6940,  0.99
6941,  0.99
6942,  0.99
6943,  0.99
6944,  0.99
6945,  0.99
6946,  0.95
6947,  0.89
6948,  0.96
6949,  0.98
6950,  0.99
6951,  0.99
6952,  1.00
6953,  1.00
6954,  1.00
6955,  1.00
6956,  1.00
6957,  1.00
6958,  0.99
6959,  0.98
6960,  0.98
6961,  1.00
6962,  0.99
6963,  0.99
6964,  1.00
6965,  0.99
6966,  0.99
6967,  1.00
6968,  1.00
6969,  0.99
6970,  0.99
6971,  1.00
6972,  0.99
6973,  0.99
6974,  1.00
6975,  1.00
6976,  0.98
6977,  1.00
6978,  1.00
6979,  0.99
6980,  1.00
6981,  1.00
6982,  0.99
6983,  0.99
6984,  1.00
6985,  0.99
6986,  1.00
6987,  0.91
6988,  0.96
6989,  0.99
6990,  1.00
6991,  1.00
6992,  1.00
6993,  1.00
6994,  1.00
6995,  1.00
6996,  1.00
6997,  1.00
6998,  1.00
6999,  1.00
7000,  1.00
7001,  0.99
7002,  0.99
7003,  1.00
7004,  1.00
7005,  0.99
7006,  1.00
7007,  0.99
7008,  1.00
7009,  1.00
7010,  0.99
7011,  0.93
7012,  1.00
7013,  1.00
7014,  1.00
7015,  1.00
7016,  0.92
7017,  0.99
7018,  0.99
7019,  0.99
7020,  0.99
7021,  0.99
7022,  1.00
7023,  1.00
7024,  0.99
7025,  1.00
7026,  0.99
7027,  1.00
7028,  0.99
7029,  0.96
7030,  0.99
7031,  1.00
7032,  0.99
7033,  0.99
7034,  1.00
7035,  1.00
7036,  0.99
7037,  0.99
7038,  0.96
7039,  0.99
7040,  0.99
7041,  0.99
7042,  1.00
7043,  1.00
7044,  0.97
7045,  1.00
7046,  0.99
7047,  0.99
7048,  0.99
7049,  0.99
7050,  1.00
7051,  1.00
7052,  0.98
7053,  0.99
7054,  0.90
7055,  0.98
7056,  0.98
7057,  0.99
7058,  0.99
7059,  0.99
7060,  1.00
7061,  0.99
7062,  0.99
7063,  0.99
7064,  1.00
7065,  0.99
7066,  1.00
7067,  1.00
7068,  1.00
7069,  1.00
7070,  1.00
7071,  0.98
7072,  0.99
7073,  0.98
7074,  1.00
7075,  1.00
7076,  1.00
7077,  0.97
7078,  0.99
7079,  1.00
7080,  1.00
7081,  1.00
7082,  1.00
7083,  1.00
7084,  0.99
7085,  0.99
7086,  0.86
7087,  0.97
7088,  0.98
7089,  0.98
7090,  0.99
7091,  0.99
7092,  0.99
7093,  1.00
7094,  1.00
7095,  1.00
7096,  1.00
7097,  1.00
7098,  1.00
7099,  1.00
7100,  0.99
7101,  1.00
7102,  1.00
7103,  1.00
7104,  1.00
7105,  0.99
7106,  1.00
7107,  1.00
7108,  1.00
7109,  1.00
7110,  1.00
7111,  1.00
7112,  0.99
7113,  0.98
7114,  1.00
7115,  1.00
7116,  1.00
7117,  1.00
7118,  1.00
7119,  1.00
7120,  1.00
7121,  0.99
7122,  0.89
7123,  0.96
7124,  0.99
7125,  0.99
7126,  0.99
7127,  0.99
7128,  0.99
7129,  1.00
7130,  1.00
7131,  0.99
7132,  0.99
7133,  0.99
7134,  1.00
7135,  0.96
7136,  0.99
7137,  0.97
7138,  0.99
7139,  0.99
7140,  1.00
7141,  1.00
7142,  0.83
7143,  0.97
7144,  0.99
7145,  1.00
7146,  1.00
7147,  0.98
7148,  0.96
7149,  0.95
7150,  0.95
7151,  0.84
7152,  0.78
7153,  0.79
7154,  0.84
7155,  0.81
7156,  0.89
7157,  0.84
7158,  0.77
7159,  0.81
7160,  0.94
7161,  0.97
7162,  0.99
7163,  0.92
7164,  0.97
7165,  0.98
7166,  0.98
7167,  0.99
7168,  0.99
7169,  0.99
7170,  0.99
7171,  0.99
7172,  0.97
7173,  1.00
7174,  0.99
7175,  0.99
7176,  0.99
7177,  1.00
7178,  1.00
7179,  1.00
7180,  0.94
7181,  0.99
7182,  1.00
7183,  1.00
7184,  1.00
7185,  1.00
7186,  1.00
7187,  1.00
7188,  1.00
7189,  1.00
7190,  0.99
7191,  0.90
7192,  0.98
7193,  0.99
7194,  1.00
7195,  1.00
7196,  1.00
7197,  1.00
7198,  1.00
7199,  1.00
7200,  1.00
7201,  1.00
7202,  1.00
7203,  1.00
7204,  0.99
7205,  1.00
7206,  1.00
7207,  1.00
7208,  1.00
7209,  1.00
7210,  0.92
7211,  0.98
7212,  0.99
7213,  0.99
7214,  0.99
7215,  0.99
7216,  0.99
7217,  1.00
7218,  0.99
7219,  1.00
7220,  1.00
7221,  0.99
7222,  0.98
7223,  0.72
7224,  0.96
7225,  0.98
7226,  0.99
7227,  0.99
7228,  1.00
7229,  0.99
7230,  1.00
7231,  1.00
7232,  1.00
7233,  0.99
7234,  1.00
7235,  1.00
7236,  1.00
7237,  1.00
7238,  0.99
7239,  1.00
7240,  0.99
7241,  1.00
7242,  1.00
7243,  1.00
7244,  1.00
7245,  1.00
7246,  1.00
7247,  1.00
7248,  1.00
7249,  0.95
7250,  0.79
7251,  0.97
7252,  1.00
7253,  1.00
7254,  1.00
7255,  1.00
7256,  1.00
7257,  1.00
7258,  1.00
7259,  1.00
7260,  1.00
7261,  1.00
7262,  1.00
7263,  1.00
7264,  0.99
7265,  1.00
7266,  0.99
7267,  0.99
7268,  1.00
7269,  0.99
7270,  1.00
7271,  1.00
7272,  1.00
7273,  0.99
7274,  0.99
7275,  1.00
7276,  0.99
7277,  1.00
7278,  1.00
7279,  1.00
7280,  1.00
7281,  1.00
7282,  0.99
7283,  0.99
7284,  0.95
7285,  0.82
7286,  0.82
7287,  0.97
7288,  0.99
7289,  0.99
7290,  0.99
7291,  1.00
7292,  0.99
7293,  0.99
7294,  0.99
7295,  0.99
7296,  0.99
7297,  0.99
7298,  0.99
7299,  0.99
7300,  0.99
7301,  1.00
7302,  0.99
7303,  0.98
7304,  0.99
7305,  0.97
7306,  0.99
7307,  1.00
7308,  0.99
7309,  0.99
7310,  1.00
7311,  0.99
7312,  1.00
7313,  0.99
7314,  1.00
7315,  0.99
7316,  0.99
7317,  1.00
7318,  0.99
7319,  1.00
7320,  0.99
7321,  1.00
7322,  1.00
7323,  1.00
7324,  0.91
7325,  0.99
7326,  0.99
7327,  0.99
7328,  0.99
7329,  1.00
7330,  1.00
7331,  0.99
7332,  1.00
7333,  0.99
7334,  1.00
7335,  1.00
7336,  1.00
7337,  1.00
7338,  1.00
7339,  1.00
7340,  1.00
7341,  1.00
7342,  1.00
7343,  0.99
7344,  1.00
7345,  0.97
7346,  1.00
7347,  1.00
7348,  1.00
7349,  1.00
7350,  1.00
7351,  1.00
7352,  1.00
7353,  1.00
7354,  1.00
7355,  1.00
7356,  1.00
7357,  0.99
7358,  0.99
7359,  1.00
7360,  1.00
7361,  1.00
7362,  1.00
7363,  1.00
7364,  1.00
7365,  0.98
7366,  1.00
7367,  0.99
7368,  1.00
7369,  0.97
7370,  0.99
7371,  0.99
7372,  0.99
7373,  1.00
7374,  0.99
7375,  0.97
7376,  0.95
7377,  1.00
7378,  1.00
7379,  1.00
7380,  1.00
7381,  1.00
7382,  1.00
7383,  1.00
7384,  1.00
7385,  1.00
7386,  1.00
7387,  0.98
7388,  0.99
7389,  0.99
7390,  1.00
7391,  1.00
7392,  0.99
7393,  0.99
7394,  1.00
7395,  0.98
7396,  0.99
7397,  1.00
7398,  1.00
7399,  1.00
7400,  1.00
7401,  0.97
7402,  0.92
7403,  0.97
7404,  0.95
7405,  0.98
7406,  0.99
7407,  0.99
7408,  0.99
7409,  0.99
7410,  1.00
7411,  0.95
7412,  0.99
7413,  1.00
7414,  1.00
7415,  1.00
7416,  0.99
7417,  1.00
7418,  0.53
7419,  0.00
7420,  0.00
7421,  0.00
7422,  0.00
7423,  0.00
7424,  0.00
7425,  0.00
7426,  0.00
7427,  0.00
7428,  0.00
7429,  0.00
7430,  0.00
7431,  0.00
7432,  0.00
7433,  0.00
7434,  0.00
7435,  0.00
7436,  0.00
7437,  0.00
7438,  0.00
7439,  0.00
7440,  0.00
7441,  0.00
7442,  0.00
7443,  0.00
7444,  0.02
7445,  0.13
7446,  0.38
7447,  0.71
7448,  0.92
7449,  0.81
7450,  0.89
7451,  0.94
7452,  0.95
7453,  0.97
7454,  0.94
7455,  0.95
7456,  0.69
7457,  0.93
7458,  0.97
7459,  0.96
7460,  0.94
7461,  0.98
7462,  0.99
7463,  1.00
7464,  0.97
7465,  0.72
7466,  0.91
7467,  0.95
7468,  0.96
7469,  0.94
7470,  0.80
7471,  0.98
7472,  0.84
7473,  0.80
7474,  0.43
7475,  0.27
7476,  0.11
7477,  0.01
7478,  0.00
7479,  0.00
7480,  0.00
7481,  0.00
7482,  0.06
7483,  0.05
7484,  0.65
7485,  0.96
7486,  0.94
7487,  0.55
7488,  0.20
7489,  0.07
7490,  0.27
7491,  0.86
7492,  1.00
7493,  0.90
7494,  0.97
7495,  0.40
7496,  0.00
7497,  0.26
7498,  0.02
7499,  0.12
7500,  0.16
7501,  0.70
7502,  0.82
7503,  0.09
7504,  0.78
7505,  0.94
7506,  0.75
7507,  0.96
7508,  0.95
7509,  0.97
7510,  0.96
7511,  0.74
7512,  0.87
7513,  0.92
7514,  0.99
7515,  0.99
7516,  0.98
7517,  0.93
7518,  0.91
7519,  0.97
7520,  0.91
7521,  0.86
7522,  0.82
7523,  0.90
7524,  1.00
7525,  1.00
7526,  1.00
7527,  0.99
7528,  0.98
7529,  0.99
7530,  0.99
7531,  0.99
7532,  0.99
7533,  1.00
7534,  1.00
7535,  1.00
7536,  1.00
7537,  1.00
7538,  1.00
7539,  1.00
7540,  0.99
7541,  0.99
7542,  0.83
7543,  0.87
7544,  0.98
7545,  0.95
7546,  0.95
7547,  0.96
7548,  0.98
7549,  0.97
7550,  0.98
7551,  0.97
7552,  0.95
7553,  0.92
7554,  0.92
7555,  0.93
7556,  0.94
7557,  0.95
7558,  0.98
7559,  0.99
7560,  1.00
7561,  0.99
7562,  0.97
7563,  0.94
7564,  0.98
7565,  0.99
7566,  0.99
7567,  0.99
7568,  0.99
7569,  0.99
7570,  0.97
7571,  1.00
7572,  1.00
7573,  0.99
7574,  0.99
7575,  0.99
7576,  1.00
7577,  0.98
7578,  0.99
7579,  0.99
7580,  0.99
7581,  0.99
7582,  0.98
7583,  0.98
7584,  1.00
7585,  0.99
7586,  0.97
7587,  0.98
7588,  0.99
7589,  0.99
7590,  0.99
7591,  0.99
7592,  0.99
7593,  0.99
7594,  0.99
7595,  0.99
7596,  0.99
7597,  0.99
7598,  0.99
7599,  0.98
7600,  1.00
7601,  0.99
7602,  0.99
7603,  0.99
7604,  0.99
7605,  0.99
7606,  0.99
7607,  1.00
7608,  0.97
7609,  0.99
7610,  1.00
7611,  0.99
7612,  1.00
7613,  1.00
7614,  1.00
7615,  1.00
7616,  0.99
7617,  0.98
7618,  1.00
7619,  1.00
7620,  1.00
7621,  1.00
7622,  0.99
7623,  0.98
7624,  1.00
7625,  1.00
7626,  1.00
7627,  1.00
7628,  0.95
7629,  1.00
7630,  1.00
7631,  1.00
7632,  1.00
7633,  1.00
7634,  1.00
7635,  1.00
7636,  1.00
7637,  1.00
7638,  1.00
7639,  1.00
7640,  1.00
7641,  1.00
7642,  1.00
7643,  1.00
7644,  0.98
7645,  1.00
7646,  1.00
7647,  1.00
7648,  1.00
7649,  1.00
7650,  1.00
7651,  1.00
7652,  1.00
7653,  1.00
7654,  0.99
7655,  1.00
7656,  1.00
7657,  0.99
7658,  1.00
7659,  1.00
7660,  1.00
7661,  1.00
7662,  1.00
7663,  1.00
7664,  1.00
7665,  0.98
7666,  0.94
7667,  0.99
7668,  0.99
7669,  1.00
7670,  1.00
7671,  1.00
7672,  1.00
7673,  1.00
7674,  1.00
7675,  1.00
7676,  1.00
7677,  1.00
7678,  1.00
7679,  1.00
7680,  1.00
7681,  1.00
7682,  1.00
7683,  1.00
7684,  0.98
7685,  0.99
7686,  1.00
7687,  0.95
7688,  0.75
7689,  0.88
7690,  0.85
7691,  0.94
7692,  0.97
7693,  0.99
7694,  0.98
7695,  0.99
7696,  0.99
7697,  0.99
7698,  0.99
7699,  0.99
7700,  1.00
7701,  1.00
7702,  0.99
7703,  1.00
7704,  1.00
7705,  1.00
7706,  1.00
7707,  1.00
7708,  1.00
7709,  1.00
7710,  1.00
7711,  1.00
7712,  1.00
7713,  0.97
7714,  0.99
7715,  0.99
7716,  1.00
7717,  1.00
7718,  1.00
7719,  1.00
7720,  1.00
7721,  1.00
7722,  0.99
7723,  1.00
7724,  1.00
7725,  1.00
7726,  1.00
7727,  1.00
7728,  1.00
7729,  0.99
7730,  1.00
7731,  1.00
7732,  1.00
7733,  1.00
7734,  0.99
7735,  0.99
7736,  0.99
7737,  0.99
7738,  1.00
7739,  0.99
7740,  1.00
7741,  1.00
7742,  1.00
7743,  0.99
7744,  0.98
7745,  0.98
7746,  1.00
7747,  1.00
7748,  1.00
