1,  0.09
2,  0.11
3,  0.10
4,  0.11
5,  0.10
6,  0.10
7,  0.11
8,  0.10
9,  0.11
10,  0.13
11,  0.16
12,  0.16
13,  0.18
14,  0.23
15,  0.28
16,  0.36
17,  0.49
18,  0.45
19,  0.58
20,  0.64
21,  0.71
22,  0.69
23,  0.46
24,  0.48
25,  0.55
26,  0.55
27,  0.61
28,  0.58
29,  0.60
30,  0.63
31,  0.60
32,  0.65
33,  0.61
34,  0.65
35,  0.65
36,  0.66
37,  0.65
38,  0.70
39,  0.67
40,  0.70
41,  0.67
42,  0.72
43,  0.69
44,  0.68
45,  0.29
46,  0.73
47,  0.74
48,  0.76
49,  0.72
50,  0.74
51,  0.73
52,  0.73
53,  0.72
54,  0.75
55,  0.73
56,  0.72
57,  0.75
58,  0.74
59,  0.73
60,  0.64
61,  0.80
62,  0.77
63,  0.78
64,  0.75
65,  0.76
66,  0.76
67,  0.74
68,  0.74
69,  0.74
70,  0.75
71,  0.74
72,  0.76
73,  0.75
74,  0.74
75,  0.72
76,  0.76
77,  0.75
78,  0.74
79,  0.75
80,  0.73
81,  0.72
82,  0.72
83,  0.74
84,  0.74
85,  0.74
86,  0.74
87,  0.73
88,  0.71
89,  0.72
90,  0.73
91,  0.73
92,  0.75
93,  0.74
94,  0.70
95,  0.73
96,  0.73
97,  0.74
98,  0.74
99,  0.75
100,  0.74
101,  0.73
102,  0.75
103,  0.74
104,  0.73
105,  0.72
106,  0.74
107,  0.73
108,  0.75
109,  0.73
110,  0.72
111,  0.78
112,  0.75
113,  0.73
114,  0.76
115,  0.73
116,  0.74
117,  0.73
118,  0.70
119,  0.77
120,  0.76
121,  0.77
122,  0.77
123,  0.80
124,  0.76
125,  0.74
126,  0.78
127,  0.73
128,  0.78
129,  0.77
130,  0.77
131,  0.77
132,  0.77
133,  0.75
134,  0.80
135,  0.79
136,  0.79
137,  0.77
138,  0.78
139,  0.78
140,  0.78
141,  0.79
142,  0.78
143,  0.83
144,  0.81
145,  0.78
146,  0.82
147,  0.76
148,  0.81
149,  0.80
150,  0.82
151,  0.80
152,  0.80
153,  0.80
154,  0.78
155,  0.80
156,  0.77
157,  0.79
158,  0.81
159,  0.79
160,  0.78
161,  0.79
162,  0.79
163,  0.79
164,  0.80
165,  0.79
166,  0.76
167,  0.77
168,  0.81
169,  0.79
170,  0.81
171,  0.79
172,  0.77
173,  0.81
174,  0.80
175,  0.81
176,  0.82
177,  0.80
178,  0.81
179,  0.80
180,  0.79
181,  0.82
182,  0.77
183,  0.81
184,  0.80
185,  0.83
186,  0.80
187,  0.80
188,  0.77
189,  0.81
190,  0.79
191,  0.81
192,  0.76
193,  0.79
194,  0.81
195,  0.80
196,  0.81
197,  0.84
198,  0.80
199,  0.78
200,  0.76
201,  0.80
202,  0.81
203,  0.80
204,  0.79
205,  0.75
206,  0.76
207,  0.78
208,  0.78
209,  0.81
210,  0.78
211,  0.80
212,  0.80
213,  0.77
214,  0.78
215,  0.76
216,  0.81
217,  0.79
218,  0.80
219,  0.77
220,  0.78
221,  0.82
222,  0.79
223,  0.81
224,  0.78
225,  0.80
226,  0.80
227,  0.80
228,  0.81
229,  0.80
230,  0.77
231,  0.79
232,  0.80
233,  0.82
234,  0.79
235,  0.80
236,  0.82
237,  0.80
238,  0.80
239,  0.79
240,  0.77
241,  0.78
242,  0.81
243,  0.79
244,  0.80
245,  0.75
246,  0.82
247,  0.79
248,  0.76
249,  0.75
250,  0.75
251,  0.79
252,  0.82
253,  0.76
254,  0.80
255,  0.80
256,  0.79
257,  0.76
258,  0.76
259,  0.81
260,  0.82
261,  0.81
262,  0.80
263,  0.80
264,  0.80
265,  0.79
266,  0.80
267,  0.79
268,  0.80
269,  0.81
270,  0.80
271,  0.79
272,  0.80
273,  0.80
274,  0.81
275,  0.77
276,  0.82
277,  0.81
278,  0.80
279,  0.83
280,  0.80
281,  0.82
282,  0.79
283,  0.81
284,  0.78
285,  0.79
286,  0.80
287,  0.78
288,  0.81
289,  0.80
290,  0.78
291,  0.79
292,  0.83
293,  0.82
294,  0.78
295,  0.78
296,  0.77
297,  0.76
298,  0.75
299,  0.78
300,  0.75
301,  0.79
302,  0.79
303,  0.76
304,  0.77
305,  0.78
306,  0.77
307,  0.79
308,  0.72
309,  0.76
310,  0.79
311,  0.82
312,  0.81
313,  0.77
314,  0.78
315,  0.82
316,  0.77
317,  0.76
318,  0.76
319,  0.81
320,  0.82
321,  0.77
322,  0.77
323,  0.76
324,  0.77
325,  0.78
326,  0.77
327,  0.74
328,  0.80
329,  0.79
330,  0.81
331,  0.80
332,  0.80
333,  0.78
334,  0.79
335,  0.75
336,  0.78
337,  0.79
338,  0.78
339,  0.79
340,  0.80
341,  0.77
342,  0.80
343,  0.80
344,  0.75
345,  0.76
346,  0.75
347,  0.78
348,  0.80
349,  0.79
350,  0.79
351,  0.74
352,  0.78
353,  0.78
354,  0.76
355,  0.76
356,  0.78
357,  0.79
358,  0.76
359,  0.79
360,  0.79
361,  0.76
362,  0.79
363,  0.76
364,  0.78
365,  0.76
366,  0.80
367,  0.79
368,  0.77
369,  0.78
370,  0.77
371,  0.79
372,  0.76
373,  0.76
374,  0.76
375,  0.78
376,  0.79
377,  0.79
378,  0.71
379,  0.77
380,  0.73
381,  0.76
382,  0.75
383,  0.78
384,  0.76
385,  0.74
386,  0.78
387,  0.75
388,  0.80
389,  0.78
390,  0.78
391,  0.78
392,  0.75
393,  0.78
394,  0.76
395,  0.71
396,  0.77
397,  0.75
398,  0.73
399,  0.77
400,  0.73
401,  0.76
402,  0.77
403,  0.76
404,  0.73
405,  0.77
406,  0.73
407,  0.78
408,  0.77
409,  0.78
410,  0.78
411,  0.76
412,  0.78
413,  0.77
414,  0.76
415,  0.79
416,  0.75
417,  0.75
418,  0.75
419,  0.79
420,  0.75
421,  0.75
422,  0.76
423,  0.76
424,  0.75
425,  0.75
426,  0.73
427,  0.72
428,  0.75
429,  0.72
430,  0.70
431,  0.72
432,  0.77
433,  0.75
434,  0.75
435,  0.75
436,  0.77
437,  0.78
438,  0.76
439,  0.76
440,  0.76
441,  0.73
442,  0.78
443,  0.77
444,  0.76
445,  0.75
446,  0.78
447,  0.79
448,  0.75
449,  0.79
450,  0.75
451,  0.78
452,  0.76
453,  0.74
454,  0.75
455,  0.76
456,  0.77
457,  0.76
458,  0.75
459,  0.74
460,  0.78
461,  0.73
462,  0.73
463,  0.76
464,  0.74
465,  0.78
466,  0.76
467,  0.77
468,  0.72
469,  0.73
470,  0.73
471,  0.75
472,  0.75
473,  0.76
474,  0.76
475,  0.74
476,  0.73
477,  0.73
478,  0.74
479,  0.72
480,  0.70
481,  0.75
482,  0.71
483,  0.74
484,  0.73
485,  0.73
486,  0.75
487,  0.75
488,  0.74
489,  0.75
490,  0.73
491,  0.76
492,  0.74
493,  0.71
494,  0.73
495,  0.76
496,  0.72
497,  0.73
498,  0.73
499,  0.73
500,  0.73
501,  0.74
502,  0.74
503,  0.69
504,  0.71
505,  0.73
506,  0.73
507,  0.73
508,  0.73
509,  0.75
510,  0.74
511,  0.72
512,  0.73
513,  0.76
514,  0.76
515,  0.75
516,  0.74
517,  0.75
518,  0.77
519,  0.76
520,  0.74
521,  0.74
522,  0.74
523,  0.76
524,  0.75
525,  0.78
526,  0.75
527,  0.73
528,  0.76
529,  0.76
530,  0.73
531,  0.75
532,  0.76
533,  0.79
534,  0.74
535,  0.74
536,  0.74
537,  0.75
538,  0.77
539,  0.79
540,  0.78
541,  0.76
542,  0.74
543,  0.74
544,  0.73
545,  0.75
546,  0.80
547,  0.78
548,  0.77
549,  0.75
550,  0.78
551,  0.78
552,  0.79
553,  0.79
554,  0.76
555,  0.74
556,  0.75
557,  0.77
558,  0.75
559,  0.74
560,  0.73
561,  0.74
562,  0.73
563,  0.77
564,  0.75
565,  0.76
566,  0.75
567,  0.74
568,  0.76
569,  0.74
570,  0.77
571,  0.77
572,  0.77
573,  0.76
574,  0.76
575,  0.78
576,  0.74
577,  0.72
578,  0.74
579,  0.74
580,  0.74
581,  0.76
582,  0.75
583,  0.75
584,  0.73
585,  0.77
586,  0.75
587,  0.77
588,  0.77
589,  0.75
590,  0.72
591,  0.75
592,  0.78
593,  0.75
594,  0.74
595,  0.74
596,  0.74
597,  0.73
598,  0.72
599,  0.76
600,  0.78
601,  0.74
602,  0.75
603,  0.72
604,  0.76
605,  0.77
606,  0.75
607,  0.75
608,  0.76
609,  0.76
610,  0.74
611,  0.77
612,  0.74
613,  0.73
614,  0.76
615,  0.76
616,  0.75
617,  0.75
618,  0.74
619,  0.76
620,  0.76
621,  0.74
622,  0.71
623,  0.75
624,  0.74
625,  0.76
626,  0.73
627,  0.75
628,  0.74
629,  0.76
630,  0.77
631,  0.74
632,  0.75
633,  0.76
634,  0.76
635,  0.77
636,  0.77
637,  0.74
638,  0.78
639,  0.76
640,  0.74
641,  0.75
642,  0.75
643,  0.73
644,  0.71
645,  0.74
646,  0.71
647,  0.73
648,  0.73
649,  0.73
650,  0.73
651,  0.74
652,  0.74
653,  0.76
654,  0.76
655,  0.76
656,  0.76
657,  0.74
658,  0.75
659,  0.76
660,  0.74
661,  0.74
662,  0.76
663,  0.75
664,  0.73
665,  0.75
666,  0.72
667,  0.72
668,  0.73
669,  0.73
670,  0.76
671,  0.74
672,  0.74
673,  0.76
674,  0.78
675,  0.78
676,  0.78
677,  0.77
678,  0.75
679,  0.78
680,  0.77
681,  0.78
682,  0.78
683,  0.79
684,  0.77
685,  0.79
686,  0.78
687,  0.78
688,  0.78
689,  0.77
690,  0.78
691,  0.77
692,  0.77
693,  0.76
694,  0.78
695,  0.72
696,  0.78
697,  0.76
698,  0.76
699,  0.76
700,  0.74
701,  0.77
702,  0.75
703,  0.75
704,  0.76
705,  0.75
706,  0.74
707,  0.74
708,  0.73
709,  0.72
710,  0.78
711,  0.76
712,  0.72
713,  0.73
714,  0.74
715,  0.72
716,  0.76
717,  0.72
718,  0.73
719,  0.74
720,  0.76
721,  0.74
722,  0.74
723,  0.74
724,  0.74
725,  0.71
726,  0.71
727,  0.73
728,  0.71
729,  0.74
730,  0.73
731,  0.74
732,  0.75
733,  0.78
734,  0.73
735,  0.75
736,  0.74
737,  0.77
738,  0.77
739,  0.75
740,  0.74
741,  0.75
742,  0.74
743,  0.75
744,  0.74
745,  0.76
746,  0.75
747,  0.76
748,  0.70
749,  0.73
750,  0.74
751,  0.74
752,  0.74
753,  0.75
754,  0.78
755,  0.74
756,  0.74
757,  0.74
758,  0.74
759,  0.77
760,  0.69
761,  0.74
762,  0.75
763,  0.75
764,  0.78
765,  0.77
766,  0.75
767,  0.76
768,  0.74
769,  0.74
770,  0.72
771,  0.75
772,  0.74
773,  0.74
774,  0.74
775,  0.73
776,  0.75
777,  0.75
778,  0.74
779,  0.75
780,  0.75
781,  0.74
782,  0.75
783,  0.75
784,  0.73
785,  0.74
786,  0.74
787,  0.73
788,  0.70
789,  0.75
790,  0.78
791,  0.74
792,  0.76
793,  0.73
794,  0.75
795,  0.76
796,  0.74
797,  0.74
798,  0.74
799,  0.73
800,  0.76
801,  0.77
802,  0.74
803,  0.78
804,  0.77
805,  0.73
806,  0.75
807,  0.76
808,  0.72
809,  0.74
810,  0.74
811,  0.73
812,  0.72
813,  0.74
814,  0.75
815,  0.75
816,  0.76
817,  0.74
818,  0.74
819,  0.73
820,  0.75
821,  0.74
822,  0.71
823,  0.73
824,  0.73
825,  0.75
826,  0.75
827,  0.74
828,  0.73
829,  0.72
830,  0.78
831,  0.74
832,  0.73
833,  0.66
834,  0.73
835,  0.70
836,  0.70
837,  0.72
838,  0.72
839,  0.75
840,  0.76
841,  0.76
842,  0.75
843,  0.74
844,  0.77
845,  0.75
846,  0.77
847,  0.74
848,  0.75
849,  0.73
850,  0.75
851,  0.73
852,  0.76
853,  0.74
854,  0.73
855,  0.76
856,  0.75
857,  0.75
858,  0.76
859,  0.75
860,  0.74
861,  0.76
862,  0.74
863,  0.72
864,  0.77
865,  0.76
866,  0.75
867,  0.72
868,  0.74
869,  0.75
870,  0.74
871,  0.74
872,  0.75
873,  0.73
874,  0.77
875,  0.76
876,  0.74
877,  0.72
878,  0.74
879,  0.72
880,  0.73
881,  0.75
882,  0.78
883,  0.76
884,  0.76
885,  0.71
886,  0.75
887,  0.77
888,  0.75
889,  0.74
890,  0.73
891,  0.78
892,  0.74
893,  0.75
894,  0.77
895,  0.77
896,  0.75
897,  0.77
898,  0.74
899,  0.74
900,  0.72
901,  0.73
902,  0.74
903,  0.75
904,  0.77
905,  0.75
906,  0.76
907,  0.75
908,  0.78
909,  0.75
910,  0.78
911,  0.78
912,  0.75
913,  0.76
914,  0.73
915,  0.79
916,  0.77
917,  0.76
918,  0.75
919,  0.75
920,  0.74
921,  0.75
922,  0.77
923,  0.78
924,  0.75
925,  0.76
926,  0.74
927,  0.77
928,  0.73
929,  0.74
930,  0.74
931,  0.73
932,  0.73
933,  0.70
934,  0.73
935,  0.75
936,  0.77
937,  0.77
938,  0.71
939,  0.77
940,  0.75
941,  0.75
942,  0.77
943,  0.74
944,  0.72
945,  0.72
946,  0.73
947,  0.71
948,  0.74
949,  0.73
950,  0.73
951,  0.72
952,  0.75
953,  0.73
954,  0.71
955,  0.74
956,  0.75
957,  0.73
958,  0.76
959,  0.72
960,  0.75
961,  0.74
962,  0.71
963,  0.76
964,  0.73
965,  0.72
966,  0.75
967,  0.73
968,  0.72
969,  0.76
970,  0.71
971,  0.75
972,  0.76
973,  0.72
974,  0.75
975,  0.73
976,  0.72
977,  0.71
978,  0.72
979,  0.72
980,  0.67
981,  0.66
982,  0.73
983,  0.70
984,  0.71
985,  0.73
986,  0.74
987,  0.70
988,  0.72
989,  0.72
990,  0.72
991,  0.72
992,  0.73
993,  0.72
994,  0.70
995,  0.70
996,  0.72
997,  0.67
998,  0.69
999,  0.70
1000,  0.73
1001,  0.72
1002,  0.76
1003,  0.73
1004,  0.77
1005,  0.73
1006,  0.72
1007,  0.75
1008,  0.71
1009,  0.76
1010,  0.72
1011,  0.76
1012,  0.75
1013,  0.73
1014,  0.75
1015,  0.75
1016,  0.72
1017,  0.73
1018,  0.75
1019,  0.76
1020,  0.73
1021,  0.73
1022,  0.73
1023,  0.71
1024,  0.74
1025,  0.75
1026,  0.75
1027,  0.76
1028,  0.74
1029,  0.74
1030,  0.72
1031,  0.72
1032,  0.73
1033,  0.72
1034,  0.74
1035,  0.74
1036,  0.74
1037,  0.71
1038,  0.75
1039,  0.75
1040,  0.74
1041,  0.70
1042,  0.76
1043,  0.75
1044,  0.73
1045,  0.74
1046,  0.73
1047,  0.72
1048,  0.70
1049,  0.75
1050,  0.74
1051,  0.73
1052,  0.70
1053,  0.71
1054,  0.68
1055,  0.70
1056,  0.72
1057,  0.72
1058,  0.71
1059,  0.76
1060,  0.74
1061,  0.75
1062,  0.70
1063,  0.73
1064,  0.75
1065,  0.74
1066,  0.74
1067,  0.73
1068,  0.72
1069,  0.71
1070,  0.70
1071,  0.70
1072,  0.71
1073,  0.64
1074,  0.68
1075,  0.67
1076,  0.69
1077,  0.70
1078,  0.71
1079,  0.72
1080,  0.75
1081,  0.74
1082,  0.74
1083,  0.73
1084,  0.73
1085,  0.73
1086,  0.76
1087,  0.73
1088,  0.73
1089,  0.75
1090,  0.75
1091,  0.73
1092,  0.77
1093,  0.76
1094,  0.75
1095,  0.73
1096,  0.73
1097,  0.74
1098,  0.73
1099,  0.75
1100,  0.71
1101,  0.73
1102,  0.73
1103,  0.70
1104,  0.69
1105,  0.68
1106,  0.71
1107,  0.73
1108,  0.74
1109,  0.74
1110,  0.71
1111,  0.75
1112,  0.72
1113,  0.71
1114,  0.71
1115,  0.71
1116,  0.74
1117,  0.72
1118,  0.72
1119,  0.73
1120,  0.72
1121,  0.71
1122,  0.70
1123,  0.69
1124,  0.70
1125,  0.74
1126,  0.72
1127,  0.72
1128,  0.74
1129,  0.75
1130,  0.74
1131,  0.76
1132,  0.74
1133,  0.73
1134,  0.76
1135,  0.74
1136,  0.72
1137,  0.73
1138,  0.73
1139,  0.76
1140,  0.74
1141,  0.74
1142,  0.72
1143,  0.70
1144,  0.69
1145,  0.74
1146,  0.73
1147,  0.74
1148,  0.75
1149,  0.73
1150,  0.73
1151,  0.71
1152,  0.74
1153,  0.71
1154,  0.71
1155,  0.71
1156,  0.72
1157,  0.75
1158,  0.72
1159,  0.75
1160,  0.74
1161,  0.75
1162,  0.74
1163,  0.76
1164,  0.75
1165,  0.78
1166,  0.72
1167,  0.72
1168,  0.74
1169,  0.71
1170,  0.74
1171,  0.75
1172,  0.76
1173,  0.73
1174,  0.75
1175,  0.77
1176,  0.74
1177,  0.75
1178,  0.75
1179,  0.73
1180,  0.72
1181,  0.74
1182,  0.74
1183,  0.72
1184,  0.73
1185,  0.71
1186,  0.73
1187,  0.71
1188,  0.74
1189,  0.74
1190,  0.76
1191,  0.74
1192,  0.78
1193,  0.73
1194,  0.77
1195,  0.77
1196,  0.77
1197,  0.78
1198,  0.78
1199,  0.73
1200,  0.79
1201,  0.82
1202,  0.78
1203,  0.74
1204,  0.71
1205,  0.71
1206,  0.72
1207,  0.73
1208,  0.77
1209,  0.79
1210,  0.78
1211,  0.78
1212,  0.64
1213,  0.75
1214,  0.80
1215,  0.78
1216,  0.70
1217,  0.74
1218,  0.78
1219,  0.75
1220,  0.78
1221,  0.76
1222,  0.74
1223,  0.68
1224,  0.76
1225,  0.75
1226,  0.78
1227,  0.76
1228,  0.71
1229,  0.81
1230,  0.76
1231,  0.78
1232,  0.77
1233,  0.79
1234,  0.78
1235,  0.67
1236,  0.78
1237,  0.74
1238,  0.77
1239,  0.74
1240,  0.74
1241,  0.63
1242,  0.76
1243,  0.78
1244,  0.78
1245,  0.73
1246,  0.74
1247,  0.67
1248,  0.70
1249,  0.70
1250,  0.71
1251,  0.71
1252,  0.75
1253,  0.72
1254,  0.74
1255,  0.73
1256,  0.68
1257,  0.55
1258,  0.63
1259,  0.67
1260,  0.73
1261,  0.76
1262,  0.75
1263,  0.75
1264,  0.76
1265,  0.77
1266,  0.76
1267,  0.74
1268,  0.73
1269,  0.76
1270,  0.73
1271,  0.74
1272,  0.76
1273,  0.78
1274,  0.78
1275,  0.76
1276,  0.76
1277,  0.75
1278,  0.75
1279,  0.74
1280,  0.65
1281,  0.72
1282,  0.72
1283,  0.72
1284,  0.71
1285,  0.59
1286,  0.61
1287,  0.72
1288,  0.75
1289,  0.74
1290,  0.75
1291,  0.75
1292,  0.72
1293,  0.75
1294,  0.76
1295,  0.64
1296,  0.71
1297,  0.71
1298,  0.74
1299,  0.73
1300,  0.72
1301,  0.74
1302,  0.75
1303,  0.76
1304,  0.74
1305,  0.74
1306,  0.73
1307,  0.67
1308,  0.72
1309,  0.72
1310,  0.64
1311,  0.73
1312,  0.72
1313,  0.72
1314,  0.72
1315,  0.73
1316,  0.74
1317,  0.72
1318,  0.72
1319,  0.72
1320,  0.71
1321,  0.69
1322,  0.72
1323,  0.73
1324,  0.75
1325,  0.69
1326,  0.72
1327,  0.65
1328,  0.59
1329,  0.65
1330,  0.64
1331,  0.63
1332,  0.64
1333,  0.68
1334,  0.58
1335,  0.75
1336,  0.77
1337,  0.74
1338,  0.70
1339,  0.73
1340,  0.72
1341,  0.75
1342,  0.67
1343,  0.65
1344,  0.65
1345,  0.67
1346,  0.65
1347,  0.68
1348,  0.69
1349,  0.67
1350,  0.70
1351,  0.68
1352,  0.65
1353,  0.70
1354,  0.71
1355,  0.61
1356,  0.56
1357,  0.66
1358,  0.77
1359,  0.78
1360,  0.78
1361,  0.79
1362,  0.81
1363,  0.83
1364,  0.86
1365,  0.82
1366,  0.87
1367,  0.85
1368,  0.86
1369,  0.86
1370,  0.88
1371,  0.88
1372,  0.86
1373,  0.85
1374,  0.77
1375,  0.75
1376,  0.88
1377,  0.88
1378,  0.89
1379,  0.87
1380,  0.88
1381,  0.88
1382,  0.91
1383,  0.87
1384,  0.88
1385,  0.89
1386,  0.87
1387,  0.84
1388,  0.94
1389,  0.89
1390,  0.90
1391,  0.98
1392,  0.99
1393,  0.96
1394,  0.85
1395,  0.78
1396,  0.80
1397,  0.75
1398,  0.78
1399,  0.75
1400,  0.70
1401,  0.70
1402,  0.70
1403,  0.72
1404,  0.67
1405,  0.72
1406,  0.72
1407,  0.73
1408,  0.76
1409,  0.75
1410,  0.73
1411,  0.73
1412,  0.77
1413,  0.77
1414,  0.73
1415,  0.71
1416,  0.75
1417,  0.79
1418,  0.72
1419,  0.77
1420,  0.80
1421,  0.79
1422,  0.77
1423,  0.78
1424,  0.77
1425,  0.77
1426,  0.81
1427,  0.81
1428,  0.76
1429,  0.82
1430,  0.78
1431,  0.81
1432,  0.81
1433,  0.83
1434,  0.84
1435,  0.86
1436,  0.89
1437,  0.85
1438,  0.88
1439,  0.92
1440,  0.96
1441,  1.00
1442,  1.00
1443,  0.99
1444,  0.74
1445,  0.94
1446,  1.00
1447,  1.00
1448,  1.00
1449,  1.00
1450,  1.00
1451,  1.00
1452,  1.00
1453,  1.00
1454,  1.00
1455,  1.00
1456,  1.00
1457,  1.00
1458,  1.00
1459,  1.00
1460,  1.00
1461,  1.00
1462,  1.00
1463,  1.00
1464,  1.00
1465,  1.00
1466,  1.00
1467,  1.00
1468,  1.00
1469,  1.00
1470,  1.00
1471,  1.00
1472,  1.00
1473,  1.00
1474,  1.00
1475,  1.00
1476,  0.99
1477,  0.99
1478,  0.99
1479,  1.00
1480,  0.99
1481,  0.98
1482,  0.95
1483,  0.57
1484,  0.59
1485,  0.68
1486,  0.68
1487,  0.52
1488,  0.62
1489,  0.68
1490,  0.64
1491,  0.50
1492,  0.40
1493,  0.39
1494,  0.38
1495,  0.42
1496,  0.47
1497,  0.52
1498,  0.54
1499,  0.50
1500,  0.46
1501,  0.46
1502,  0.45
1503,  0.49
1504,  0.47
1505,  0.45
1506,  0.46
1507,  0.45
1508,  0.45
1509,  0.45
1510,  0.41
1511,  0.37
1512,  0.41
1513,  0.47
1514,  0.45
1515,  0.46
1516,  0.41
1517,  0.41
1518,  0.50
1519,  0.46
1520,  0.50
1521,  0.52
1522,  0.60
1523,  0.66
1524,  0.61
1525,  0.64
1526,  0.67
1527,  0.72
1528,  0.69
1529,  0.57
1530,  0.80
1531,  0.72
1532,  0.69
1533,  0.73
1534,  0.78
1535,  0.82
1536,  0.77
1537,  0.76
1538,  0.70
1539,  0.70
1540,  0.73
1541,  0.71
1542,  0.77
1543,  0.71
1544,  0.74
1545,  0.74
1546,  0.72
1547,  0.76
1548,  0.75
1549,  0.74
1550,  0.73
1551,  0.57
1552,  0.73
1553,  0.75
1554,  0.69
1555,  0.68
1556,  0.66
1557,  0.67
1558,  0.67
1559,  0.65
1560,  0.69
1561,  0.67
1562,  0.67
1563,  0.67
1564,  0.68
1565,  0.67
1566,  0.67
1567,  0.65
1568,  0.70
1569,  0.73
1570,  0.71
1571,  0.75
1572,  0.71
1573,  0.65
1574,  0.63
1575,  0.71
1576,  0.71
1577,  0.78
1578,  0.77
1579,  0.84
1580,  0.86
1581,  0.87
1582,  0.86
1583,  0.88
1584,  0.91
1585,  0.86
1586,  0.69
1587,  0.37
1588,  0.59
1589,  0.52
1590,  0.48
1591,  0.45
1592,  0.40
1593,  0.49
1594,  0.58
1595,  0.66
1596,  0.74
1597,  0.81
1598,  0.77
1599,  0.71
1600,  0.83
1601,  0.80
1602,  0.58
1603,  0.35
1604,  0.29
1605,  0.20
1606,  0.48
1607,  0.50
1608,  0.30
1609,  0.14
1610,  0.07
1611,  0.05
1612,  0.06
1613,  0.26
1614,  0.46
1615,  0.58
1616,  0.24
1617,  0.39
1618,  0.63
1619,  0.34
1620,  0.41
1621,  0.28
1622,  0.08
1623,  0.20
1624,  0.37
1625,  0.61
1626,  0.58
1627,  0.55
1628,  0.63
1629,  0.59
1630,  0.65
1631,  0.65
1632,  0.65
1633,  0.00
1634,  0.00
1635,  0.00
1636,  0.00
1637,  0.00
1638,  0.00
1639,  0.00
1640,  0.00
1641,  0.15
1642,  0.38
1643,  0.56
1644,  0.66
1645,  0.34
1646,  0.54
1647,  0.43
1648,  0.50
1649,  0.66
1650,  0.66
1651,  0.42
1652,  0.70
1653,  0.75
1654,  0.69
1655,  0.50
1656,  0.42
1657,  0.37
1658,  0.38
1659,  0.72
1660,  0.31
1661,  0.46
1662,  0.54
1663,  0.37
1664,  0.41
1665,  0.38
1666,  0.81
1667,  0.98
1668,  0.99
1669,  1.00
1670,  1.00
1671,  1.00
1672,  1.00
1673,  0.99
1674,  0.96
1675,  0.97
1676,  0.98
1677,  1.00
1678,  0.99
1679,  0.91
1680,  0.98
1681,  0.98
1682,  0.99
1683,  0.76
1684,  0.31
1685,  0.19
1686,  0.31
1687,  0.36
1688,  0.28
1689,  0.40
1690,  0.51
1691,  0.50
1692,  0.37
1693,  0.49
1694,  0.46
1695,  0.49
1696,  0.44
1697,  0.51
1698,  0.57
1699,  0.73
1700,  0.82
1701,  0.84
1702,  0.72
1703,  0.73
1704,  0.68
1705,  0.76
1706,  0.55
1707,  0.58
1708,  0.55
1709,  0.46
1710,  0.86
1711,  0.76
1712,  0.49
1713,  0.52
1714,  0.42
1715,  0.82
1716,  0.73
1717,  0.51
1718,  0.62
1719,  0.59
1720,  0.65
1721,  0.68
1722,  0.57
1723,  0.75
1724,  0.53
1725,  0.80
1726,  0.70
1727,  0.65
1728,  0.60
1729,  0.52
1730,  0.55
1731,  0.76
1732,  0.59
1733,  0.45
1734,  0.64
1735,  0.69
1736,  0.65
1737,  0.55
1738,  0.55
1739,  0.68
1740,  0.65
1741,  0.80
1742,  0.83
1743,  0.88
1744,  0.91
1745,  0.93
1746,  0.95
1747,  0.95
1748,  0.95
1749,  0.96
1750,  0.96
1751,  0.91
1752,  0.87
1753,  0.90
1754,  0.93
1755,  0.96
1756,  0.96
1757,  0.95
1758,  0.94
1759,  0.91
1760,  0.90
1761,  0.88
1762,  0.88
1763,  0.85
1764,  0.78
1765,  0.86
1766,  0.81
1767,  0.83
1768,  0.71
1769,  0.71
1770,  0.72
1771,  0.66
1772,  0.70
1773,  0.66
1774,  0.71
1775,  0.72
1776,  0.79
1777,  0.71
1778,  0.70
1779,  0.78
1780,  0.59
1781,  0.59
1782,  0.64
1783,  0.55
1784,  0.56
1785,  0.52
1786,  0.56
1787,  0.61
1788,  0.56
1789,  0.69
1790,  0.68
1791,  0.63
1792,  0.66
1793,  0.67
1794,  0.59
1795,  0.60
1796,  0.61
1797,  0.60
1798,  0.53
1799,  0.60
1800,  0.55
1801,  0.55
1802,  0.52
1803,  0.57
1804,  0.57
1805,  0.51
1806,  0.54
1807,  0.51
1808,  0.49
1809,  0.49
1810,  0.50
1811,  0.54
1812,  0.54
1813,  0.58
1814,  0.50
1815,  0.55
1816,  0.55
1817,  0.54
1818,  0.55
1819,  0.58
1820,  0.48
1821,  0.50
1822,  0.54
1823,  0.41
1824,  0.07
1825,  0.15
1826,  0.44
1827,  0.27
1828,  0.10
1829,  0.39
1830,  0.26
1831,  0.36
1832,  0.32
1833,  0.50
1834,  0.37
1835,  0.47
1836,  0.52
1837,  0.43
1838,  0.44
1839,  0.44
1840,  0.54
1841,  0.34
1842,  0.46
1843,  0.48
1844,  0.40
1845,  0.42
1846,  0.40
1847,  0.51
1848,  0.51
1849,  0.49
1850,  0.51
1851,  0.55
1852,  0.50
1853,  0.50
1854,  0.54
1855,  0.54
1856,  0.57
1857,  0.53
1858,  0.54
1859,  0.53
1860,  0.56
1861,  0.54
1862,  0.58
1863,  0.53
1864,  0.56
1865,  0.53
1866,  0.65
1867,  0.50
1868,  0.61
1869,  0.60
1870,  0.47
1871,  0.55
1872,  0.54
1873,  0.54
1874,  0.54
1875,  0.61
1876,  0.53
1877,  0.47
1878,  0.49
1879,  0.48
1880,  0.56
1881,  0.60
1882,  0.52
1883,  0.52
1884,  0.51
1885,  0.50
1886,  0.53
1887,  0.52
1888,  0.63
1889,  0.56
1890,  0.60
1891,  0.61
1892,  0.51
1893,  0.58
1894,  0.56
1895,  0.59
1896,  0.57
1897,  0.60
1898,  0.56
1899,  0.55
1900,  0.54
1901,  0.61
1902,  0.58
1903,  0.55
1904,  0.59
1905,  0.60
1906,  0.63
1907,  0.55
1908,  0.67
1909,  0.56
1910,  0.56
1911,  0.62
1912,  0.62
1913,  0.63
1914,  0.62
1915,  0.61
1916,  0.64
1917,  0.57
1918,  0.60
1919,  0.58
1920,  0.57
1921,  0.58
1922,  0.59
1923,  0.55
1924,  0.60
1925,  0.52
1926,  0.57
1927,  0.62
1928,  0.60
1929,  0.54
1930,  0.55
1931,  0.59
1932,  0.60
1933,  0.61
1934,  0.61
1935,  0.58
1936,  0.54
1937,  0.60
1938,  0.50
1939,  0.59
1940,  0.61
1941,  0.59
1942,  0.60
1943,  0.55
1944,  0.55
1945,  0.57
1946,  0.54
1947,  0.56
1948,  0.62
1949,  0.55
1950,  0.56
1951,  0.59
1952,  0.57
1953,  0.63
1954,  0.53
1955,  0.55
1956,  0.51
1957,  0.60
1958,  0.53
1959,  0.54
1960,  0.61
1961,  0.49
1962,  0.56
1963,  0.60
1964,  0.51
1965,  0.54
1966,  0.55
1967,  0.59
1968,  0.57
1969,  0.62
1970,  0.60
1971,  0.66
1972,  0.62
1973,  0.61
1974,  0.65
1975,  0.65
1976,  0.58
1977,  0.63
1978,  0.59
1979,  0.63
1980,  0.69
1981,  0.60
1982,  0.70
1983,  0.59
1984,  0.62
1985,  0.68
1986,  0.71
1987,  0.66
1988,  0.70
1989,  0.68
1990,  0.69
1991,  0.70
1992,  0.71
1993,  0.64
1994,  0.70
1995,  0.69
1996,  0.67
1997,  0.65
1998,  0.73
1999,  0.68
2000,  0.67
2001,  0.69
2002,  0.71
2003,  0.70
2004,  0.66
2005,  0.68
2006,  0.70
2007,  0.67
2008,  0.67
2009,  0.68
2010,  0.65
2011,  0.62
2012,  0.67
2013,  0.70
2014,  0.69
2015,  0.66
2016,  0.64
2017,  0.62
2018,  0.66
2019,  0.60
2020,  0.65
2021,  0.65
2022,  0.65
2023,  0.68
2024,  0.68
2025,  0.65
2026,  0.64
2027,  0.63
2028,  0.61
2029,  0.64
2030,  0.66
2031,  0.66
2032,  0.67
2033,  0.61
2034,  0.63
2035,  0.67
2036,  0.66
2037,  0.67
2038,  0.64
2039,  0.65
2040,  0.66
2041,  0.64
2042,  0.67
2043,  0.66
2044,  0.69
2045,  0.70
2046,  0.63
2047,  0.67
2048,  0.66
2049,  0.66
2050,  0.64
2051,  0.64
2052,  0.69
2053,  0.62
2054,  0.65
2055,  0.66
2056,  0.67
2057,  0.69
2058,  0.70
2059,  0.61
2060,  0.66
2061,  0.67
2062,  0.69
2063,  0.72
2064,  0.59
2065,  0.70
2066,  0.72
2067,  0.76
2068,  0.69
2069,  0.71
2070,  0.70
2071,  0.71
2072,  0.73
2073,  0.74
2074,  0.71
2075,  0.70
2076,  0.70
2077,  0.67
2078,  0.70
2079,  0.74
2080,  0.75
2081,  0.89
2082,  0.89
2083,  0.84
2084,  0.81
2085,  0.84
2086,  0.82
2087,  0.83
2088,  0.79
2089,  0.84
2090,  0.80
2091,  0.81
2092,  0.75
2093,  0.73
2094,  0.69
2095,  0.70
2096,  0.71
2097,  0.71
2098,  0.73
2099,  0.70
2100,  0.77
2101,  0.75
2102,  0.76
2103,  0.79
2104,  0.72
2105,  0.81
2106,  0.68
2107,  0.71
2108,  0.74
2109,  0.70
2110,  0.67
2111,  0.72
2112,  0.68
2113,  0.65
2114,  0.66
2115,  0.64
2116,  0.70
2117,  0.63
2118,  0.66
2119,  0.60
2120,  0.62
2121,  0.62
2122,  0.58
2123,  0.60
2124,  0.65
2125,  0.61
2126,  0.63
2127,  0.63
2128,  0.61
2129,  0.60
2130,  0.60
2131,  0.59
2132,  0.57
2133,  0.57
2134,  0.62
2135,  0.57
2136,  0.61
2137,  0.58
2138,  0.63
2139,  0.59
2140,  0.61
2141,  0.61
2142,  0.60
2143,  0.63
2144,  0.56
2145,  0.56
2146,  0.61
2147,  0.58
2148,  0.59
2149,  0.60
2150,  0.58
2151,  0.58
2152,  0.60
2153,  0.60
2154,  0.61
2155,  0.55
2156,  0.64
2157,  0.56
2158,  0.61
2159,  0.62
2160,  0.56
2161,  0.56
2162,  0.59
2163,  0.61
2164,  0.63
2165,  0.59
2166,  0.61
2167,  0.60
2168,  0.62
2169,  0.59
2170,  0.63
2171,  0.60
2172,  0.61
2173,  0.62
2174,  0.59
2175,  0.60
2176,  0.60
2177,  0.57
2178,  0.60
2179,  0.63
2180,  0.65
2181,  0.60
2182,  0.62
2183,  0.60
2184,  0.63
2185,  0.60
2186,  0.60
2187,  0.58
2188,  0.59
2189,  0.64
2190,  0.58
2191,  0.62
2192,  0.64
2193,  0.59
2194,  0.57
2195,  0.60
2196,  0.61
2197,  0.61
2198,  0.61
2199,  0.61
2200,  0.66
2201,  0.62
2202,  0.59
2203,  0.56
2204,  0.62
2205,  0.62
2206,  0.64
2207,  0.69
2208,  0.71
2209,  0.73
2210,  0.72
2211,  0.84
2212,  0.49
2213,  0.45
2214,  0.43
2215,  0.39
2216,  0.42
2217,  0.72
2218,  0.82
2219,  0.68
2220,  0.45
2221,  0.59
2222,  0.44
2223,  0.42
2224,  0.29
2225,  0.37
2226,  0.48
2227,  0.40
2228,  0.52
2229,  0.55
2230,  0.62
2231,  0.59
2232,  0.61
2233,  0.56
2234,  0.57
2235,  0.59
2236,  0.55
2237,  0.57
2238,  0.60
2239,  0.62
2240,  0.60
2241,  0.70
2242,  0.77
2243,  0.75
2244,  0.80
2245,  0.66
2246,  0.65
2247,  0.65
2248,  0.60
2249,  0.62
2250,  0.59
2251,  0.63
2252,  0.63
2253,  0.56
2254,  0.58
2255,  0.54
2256,  0.50
2257,  0.55
2258,  0.63
2259,  0.66
2260,  0.66
2261,  0.69
2262,  0.70
2263,  0.68
2264,  0.79
2265,  0.70
2266,  0.70
2267,  0.78
2268,  0.70
2269,  0.76
2270,  0.69
2271,  0.68
2272,  0.77
2273,  0.78
2274,  0.79
2275,  0.76
2276,  0.79
2277,  0.76
2278,  0.70
2279,  0.77
2280,  0.78
2281,  0.74
2282,  0.72
2283,  0.77
2284,  0.77
2285,  0.72
2286,  0.79
2287,  0.75
2288,  0.80
2289,  0.75
2290,  0.77
2291,  0.72
2292,  0.77
2293,  0.83
2294,  0.71
2295,  0.80
2296,  0.80
2297,  0.76
2298,  0.77
2299,  0.70
2300,  0.65
2301,  0.67
2302,  0.64
2303,  0.63
2304,  0.58
2305,  0.62
2306,  0.64
2307,  0.69
2308,  0.65
2309,  0.62
2310,  0.69
2311,  0.75
2312,  0.69
2313,  0.65
2314,  0.67
2315,  0.68
2316,  0.70
2317,  0.69
2318,  0.70
2319,  0.73
2320,  0.70
2321,  0.70
2322,  0.68
2323,  0.67
2324,  0.67
2325,  0.71
2326,  0.65
2327,  0.69
2328,  0.68
2329,  0.69
2330,  0.66
2331,  0.65
2332,  0.68
2333,  0.69
2334,  0.64
2335,  0.62
2336,  0.68
2337,  0.70
2338,  0.69
2339,  0.66
2340,  0.68
2341,  0.65
2342,  0.68
2343,  0.69
2344,  0.65
2345,  0.64
2346,  0.62
2347,  0.66
2348,  0.64
2349,  0.66
2350,  0.69
2351,  0.65
2352,  0.65
2353,  0.66
2354,  0.67
2355,  0.67
2356,  0.67
2357,  0.64
2358,  0.66
2359,  0.64
2360,  0.67
2361,  0.71
2362,  0.64
2363,  0.72
2364,  0.57
2365,  0.72
2366,  0.77
2367,  0.75
2368,  0.78
2369,  0.76
2370,  0.78
2371,  0.74
2372,  0.76
2373,  0.74
2374,  0.77
2375,  0.81
2376,  0.78
2377,  0.72
2378,  0.72
2379,  0.70
2380,  0.77
2381,  0.77
2382,  0.70
2383,  0.71
2384,  0.84
2385,  0.81
2386,  0.76
2387,  0.78
2388,  0.74
2389,  0.73
2390,  0.77
2391,  0.75
2392,  0.74
2393,  0.73
2394,  0.69
2395,  0.71
2396,  0.76
2397,  0.70
2398,  0.85
2399,  0.82
2400,  0.80
2401,  0.73
2402,  0.74
2403,  0.73
2404,  0.73
2405,  0.70
2406,  0.76
2407,  0.66
2408,  0.74
2409,  0.72
2410,  0.76
2411,  0.75
2412,  0.67
2413,  0.75
2414,  0.74
2415,  0.75
2416,  0.72
2417,  0.79
2418,  0.77
2419,  0.73
2420,  0.70
2421,  0.77
2422,  0.77
2423,  0.74
2424,  0.77
2425,  0.75
2426,  0.87
2427,  0.80
2428,  0.74
2429,  0.74
2430,  0.73
2431,  0.74
2432,  0.75
2433,  0.70
2434,  0.78
2435,  0.73
2436,  0.72
2437,  0.69
2438,  0.68
2439,  0.71
2440,  0.71
2441,  0.77
2442,  0.71
2443,  0.76
2444,  0.80
2445,  0.82
2446,  0.84
2447,  0.77
2448,  0.71
2449,  0.72
2450,  0.70
2451,  0.72
2452,  0.77
2453,  0.72
2454,  0.75
2455,  0.78
2456,  0.76
2457,  0.72
2458,  0.74
2459,  0.76
2460,  0.74
2461,  0.75
2462,  0.75
2463,  0.73
2464,  0.74
2465,  0.67
2466,  0.74
2467,  0.83
2468,  0.77
2469,  0.73
2470,  0.75
2471,  0.79
2472,  0.76
2473,  0.73
2474,  0.77
2475,  0.75
2476,  0.76
2477,  0.80
2478,  0.70
2479,  0.72
2480,  0.78
2481,  0.82
2482,  0.76
2483,  0.73
2484,  0.80
2485,  0.74
2486,  0.72
2487,  0.73
2488,  0.75
2489,  0.74
2490,  0.76
2491,  0.72
2492,  0.75
2493,  0.71
2494,  0.70
2495,  0.71
2496,  0.74
2497,  0.68
2498,  0.74
2499,  0.69
2500,  0.72
2501,  0.75
2502,  0.76
2503,  0.72
2504,  0.72
2505,  0.73
2506,  0.69
2507,  0.77
2508,  0.73
2509,  0.70
2510,  0.74
2511,  0.75
2512,  0.70
2513,  0.73
2514,  0.83
2515,  0.81
2516,  0.76
2517,  0.75
2518,  0.74
2519,  0.69
2520,  0.79
2521,  0.75
2522,  0.75
2523,  0.85
2524,  0.71
2525,  0.72
2526,  0.73
2527,  0.75
2528,  0.76
2529,  0.82
2530,  0.75
2531,  0.73
2532,  0.68
2533,  0.70
2534,  0.67
2535,  0.73
2536,  0.73
2537,  0.69
2538,  0.69
2539,  0.69
2540,  0.77
2541,  0.71
2542,  0.69
2543,  0.75
2544,  0.77
2545,  0.74
2546,  0.72
2547,  0.70
2548,  0.66
2549,  0.72
2550,  0.67
2551,  0.71
2552,  0.71
2553,  0.67
2554,  0.72
2555,  0.78
2556,  0.74
2557,  0.68
2558,  0.70
2559,  0.69
2560,  0.81
2561,  0.75
2562,  0.74
2563,  0.68
2564,  0.70
2565,  0.72
2566,  0.73
2567,  0.73
2568,  0.71
2569,  0.76
2570,  0.68
2571,  0.66
2572,  0.72
2573,  0.78
2574,  0.70
2575,  0.72
2576,  0.67
2577,  0.79
2578,  0.74
2579,  0.67
2580,  0.69
2581,  0.67
2582,  0.69
2583,  0.69
2584,  0.73
2585,  0.81
2586,  0.82
2587,  0.81
2588,  0.80
2589,  0.75
2590,  0.74
2591,  0.59
2592,  0.22
2593,  0.25
2594,  0.30
2595,  0.41
2596,  0.39
2597,  0.31
2598,  0.49
2599,  0.38
2600,  0.38
2601,  0.40
2602,  0.47
2603,  0.62
2604,  0.60
2605,  0.54
2606,  0.59
2607,  0.67
2608,  0.70
2609,  0.79
2610,  0.76
2611,  0.74
2612,  0.76
2613,  0.74
2614,  0.76
2615,  0.69
2616,  0.71
2617,  0.73
2618,  0.70
2619,  0.71
2620,  0.74
2621,  0.70
2622,  0.64
2623,  0.73
2624,  0.72
2625,  0.67
2626,  0.77
2627,  0.82
2628,  0.78
2629,  0.70
2630,  0.71
2631,  0.69
2632,  0.70
2633,  0.65
2634,  0.64
2635,  0.65
2636,  0.69
2637,  0.67
2638,  0.70
2639,  0.66
2640,  0.64
2641,  0.61
2642,  0.62
2643,  0.69
2644,  0.65
2645,  0.73
2646,  0.63
2647,  0.59
2648,  0.60
2649,  0.62
2650,  0.60
2651,  0.63
2652,  0.65
2653,  0.63
2654,  0.61
2655,  0.66
2656,  0.60
2657,  0.61
2658,  0.67
2659,  0.68
2660,  0.62
2661,  0.61
2662,  0.57
2663,  0.61
2664,  0.61
2665,  0.63
2666,  0.66
2667,  0.62
2668,  0.59
2669,  0.74
2670,  0.73
2671,  0.65
2672,  0.67
2673,  0.68
2674,  0.63
2675,  0.62
2676,  0.68
2677,  0.61
2678,  0.64
2679,  0.65
2680,  0.65
2681,  0.60
2682,  0.66
2683,  0.64
2684,  0.59
2685,  0.55
2686,  0.65
2687,  0.63
2688,  0.66
2689,  0.57
2690,  0.61
2691,  0.65
2692,  0.65
2693,  0.61
2694,  0.63
2695,  0.60
2696,  0.56
2697,  0.64
2698,  0.56
2699,  0.60
2700,  0.61
2701,  0.62
2702,  0.58
2703,  0.59
2704,  0.56
2705,  0.67
2706,  0.55
2707,  0.56
2708,  0.61
2709,  0.58
2710,  0.62
2711,  0.64
2712,  0.53
2713,  0.62
2714,  0.66
2715,  0.62
2716,  0.59
2717,  0.61
2718,  0.64
2719,  0.64
2720,  0.71
2721,  0.75
2722,  0.76
2723,  0.73
2724,  0.76
2725,  0.77
2726,  0.73
2727,  0.67
2728,  0.60
2729,  0.65
2730,  0.59
2731,  0.67
2732,  0.66
2733,  0.75
2734,  0.74
2735,  0.74
2736,  0.66
2737,  0.75
2738,  0.64
2739,  0.60
2740,  0.66
2741,  0.64
2742,  0.62
2743,  0.69
2744,  0.62
2745,  0.62
2746,  0.67
2747,  0.61
2748,  0.59
2749,  0.59
2750,  0.67
2751,  0.64
2752,  0.64
2753,  0.64
2754,  0.64
2755,  0.61
2756,  0.61
2757,  0.69
2758,  0.61
2759,  0.60
2760,  0.57
2761,  0.59
2762,  0.65
2763,  0.62
2764,  0.61
2765,  0.61
2766,  0.59
2767,  0.58
2768,  0.60
2769,  0.74
2770,  0.73
2771,  0.77
2772,  0.45
2773,  0.75
2774,  0.68
2775,  0.60
2776,  0.59
2777,  0.71
2778,  0.74
2779,  0.69
2780,  0.72
2781,  0.70
2782,  0.68
2783,  0.55
2784,  0.42
2785,  0.56
2786,  0.55
2787,  0.35
2788,  0.45
2789,  0.63
2790,  0.37
2791,  0.37
2792,  0.28
2793,  0.17
2794,  0.13
2795,  0.24
2796,  0.67
2797,  0.52
2798,  0.50
2799,  0.60
2800,  0.76
2801,  0.79
2802,  0.80
2803,  0.85
2804,  0.66
2805,  0.86
2806,  0.83
2807,  0.95
2808,  0.94
2809,  0.95
2810,  0.89
2811,  0.75
2812,  0.76
2813,  0.42
2814,  0.46
2815,  0.78
2816,  0.36
2817,  0.73
2818,  0.65
2819,  0.75
2820,  0.73
2821,  0.71
2822,  0.70
2823,  0.75
2824,  0.68
2825,  0.65
2826,  0.60
2827,  0.60
2828,  0.80
2829,  0.83
2830,  0.83
2831,  0.82
2832,  0.84
2833,  0.83
2834,  0.83
2835,  0.81
2836,  0.72
2837,  0.88
2838,  0.86
2839,  0.75
2840,  0.72
2841,  0.78
2842,  0.87
2843,  0.91
2844,  0.90
2845,  0.92
2846,  0.86
2847,  0.94
2848,  0.90
2849,  0.91
2850,  0.86
2851,  0.93
2852,  0.93
2853,  0.92
2854,  0.91
2855,  0.90
2856,  0.91
2857,  0.89
2858,  0.90
2859,  0.88
2860,  0.87
2861,  0.89
2862,  0.86
2863,  0.87
2864,  0.81
2865,  0.80
2866,  0.82
2867,  0.87
2868,  0.92
2869,  0.86
2870,  0.57
2871,  0.64
2872,  0.75
2873,  0.74
2874,  0.78
2875,  0.77
2876,  0.81
2877,  0.80
2878,  0.76
2879,  0.78
2880,  0.78
2881,  0.78
2882,  0.78
2883,  0.80
2884,  0.81
2885,  0.80
2886,  0.83
2887,  0.83
2888,  0.82
2889,  0.81
2890,  0.83
2891,  0.81
2892,  0.83
2893,  0.81
2894,  0.84
2895,  0.80
2896,  0.81
2897,  0.84
2898,  0.74
2899,  0.83
2900,  0.83
2901,  0.86
2902,  0.83
2903,  0.83
2904,  0.85
2905,  0.84
2906,  0.81
2907,  0.82
2908,  0.83
2909,  0.83
2910,  0.81
2911,  0.79
2912,  0.80
2913,  0.81
2914,  0.80
2915,  0.80
2916,  0.77
2917,  0.78
2918,  0.79
2919,  0.80
2920,  0.79
2921,  0.78
2922,  0.80
2923,  0.79
2924,  0.79
2925,  0.80
2926,  0.79
2927,  0.76
2928,  0.81
2929,  0.77
2930,  0.80
2931,  0.77
2932,  0.77
2933,  0.80
2934,  0.78
2935,  0.78
2936,  0.78
2937,  0.78
2938,  0.78
2939,  0.78
2940,  0.75
2941,  0.74
2942,  0.76
2943,  0.78
2944,  0.78
2945,  0.79
2946,  0.80
2947,  0.77
2948,  0.77
2949,  0.78
2950,  0.80
2951,  0.77
2952,  0.75
2953,  0.73
2954,  0.76
2955,  0.76
2956,  0.83
2957,  0.78
2958,  0.75
2959,  0.78
2960,  0.73
2961,  0.76
2962,  0.75
2963,  0.80
2964,  0.72
2965,  0.85
2966,  0.58
2967,  0.58
2968,  0.65
2969,  0.51
2970,  0.38
2971,  0.28
2972,  0.33
2973,  0.62
2974,  0.68
2975,  0.81
2976,  0.82
2977,  0.86
2978,  0.89
2979,  0.81
2980,  0.78
2981,  0.76
2982,  0.75
2983,  0.77
2984,  0.74
2985,  0.72
2986,  0.71
2987,  0.73
2988,  0.71
2989,  0.65
2990,  0.68
2991,  0.63
2992,  0.68
2993,  0.65
2994,  0.68
2995,  0.71
2996,  0.69
2997,  0.72
2998,  0.68
2999,  0.75
3000,  0.77
3001,  0.72
3002,  0.73
3003,  0.72
3004,  0.72
3005,  0.65
3006,  0.75
3007,  0.75
3008,  0.74
3009,  0.68
3010,  0.66
3011,  0.67
3012,  0.69
3013,  0.74
3014,  0.73
3015,  0.67
3016,  0.70
3017,  0.68
3018,  0.73
3019,  0.77
3020,  0.70
3021,  0.68
3022,  0.68
3023,  0.68
3024,  0.73
3025,  0.79
3026,  0.75
3027,  0.68
3028,  0.64
3029,  0.68
3030,  0.74
3031,  0.68
3032,  0.69
3033,  0.72
3034,  0.71
3035,  0.65
3036,  0.71
3037,  0.71
3038,  0.75
3039,  0.67
3040,  0.72
3041,  0.71
3042,  0.77
3043,  0.67
3044,  0.63
3045,  0.75
3046,  0.72
3047,  0.71
3048,  0.71
3049,  0.72
3050,  0.68
3051,  0.71
3052,  0.75
3053,  0.74
3054,  0.73
3055,  0.69
3056,  0.71
3057,  0.73
3058,  0.76
3059,  0.72
3060,  0.75
3061,  0.70
3062,  0.71
3063,  0.73
3064,  0.70
3065,  0.72
3066,  0.71
3067,  0.76
3068,  0.73
3069,  0.76
3070,  0.71
3071,  0.72
3072,  0.76
3073,  0.77
3074,  0.78
3075,  0.75
3076,  0.75
3077,  0.75
3078,  0.70
3079,  0.74
3080,  0.78
3081,  0.74
3082,  0.71
3083,  0.70
3084,  0.82
3085,  0.80
3086,  0.79
3087,  0.78
3088,  0.76
3089,  0.77
3090,  0.75
3091,  0.76
3092,  0.75
3093,  0.73
3094,  0.72
3095,  0.74
3096,  0.74
3097,  0.74
3098,  0.72
3099,  0.72
3100,  0.75
3101,  0.74
3102,  0.73
3103,  0.73
3104,  0.69
3105,  0.72
3106,  0.70
3107,  0.74
3108,  0.78
3109,  0.77
3110,  0.73
3111,  0.76
3112,  0.73
3113,  0.73
3114,  0.72
3115,  0.70
3116,  0.74
3117,  0.72
3118,  0.72
3119,  0.71
3120,  0.74
3121,  0.72
3122,  0.74
3123,  0.75
3124,  0.73
3125,  0.73
3126,  0.71
3127,  0.74
3128,  0.73
3129,  0.76
3130,  0.74
3131,  0.78
3132,  0.73
3133,  0.75
3134,  0.74
3135,  0.77
3136,  0.76
3137,  0.76
3138,  0.74
3139,  0.71
3140,  0.72
3141,  0.73
3142,  0.71
3143,  0.70
3144,  0.70
3145,  0.68
3146,  0.73
3147,  0.74
3148,  0.70
3149,  0.76
3150,  0.74
3151,  0.72
3152,  0.74
3153,  0.74
3154,  0.75
3155,  0.78
3156,  0.73
3157,  0.74
3158,  0.74
3159,  0.72
3160,  0.76
3161,  0.76
3162,  0.74
3163,  0.69
3164,  0.80
3165,  0.79
3166,  0.79
3167,  0.75
3168,  0.77
3169,  0.77
3170,  0.80
3171,  0.74
3172,  0.73
3173,  0.75
3174,  0.76
3175,  0.74
3176,  0.77
3177,  0.76
3178,  0.77
3179,  0.77
3180,  0.74
3181,  0.76
3182,  0.76
3183,  0.74
3184,  0.75
3185,  0.71
3186,  0.74
3187,  0.73
3188,  0.74
3189,  0.78
3190,  0.74
3191,  0.74
3192,  0.80
3193,  0.79
3194,  0.75
3195,  0.75
3196,  0.75
3197,  0.79
3198,  0.76
3199,  0.76
3200,  0.76
3201,  0.72
3202,  0.75
3203,  0.75
3204,  0.76
3205,  0.74
3206,  0.72
3207,  0.79
3208,  0.81
3209,  0.77
3210,  0.74
3211,  0.74
3212,  0.76
3213,  0.77
3214,  0.76
3215,  0.75
3216,  0.76
3217,  0.75
3218,  0.72
3219,  0.77
3220,  0.72
3221,  0.76
3222,  0.69
3223,  0.77
3224,  0.73
3225,  0.72
3226,  0.73
3227,  0.74
3228,  0.77
3229,  0.76
3230,  0.72
3231,  0.76
3232,  0.79
3233,  0.78
3234,  0.76
3235,  0.72
3236,  0.74
3237,  0.69
3238,  0.72
3239,  0.75
3240,  0.75
3241,  0.74
3242,  0.76
3243,  0.77
3244,  0.75
3245,  0.75
3246,  0.75
3247,  0.75
3248,  0.79
3249,  0.76
3250,  0.77
3251,  0.75
3252,  0.78
3253,  0.75
3254,  0.74
3255,  0.75
3256,  0.73
3257,  0.74
3258,  0.72
3259,  0.70
3260,  0.69
3261,  0.74
3262,  0.65
3263,  0.64
3264,  0.64
3265,  0.60
3266,  0.61
3267,  0.57
3268,  0.52
3269,  0.56
3270,  0.60
3271,  0.55
3272,  0.71
3273,  0.60
3274,  0.57
3275,  0.60
3276,  0.83
3277,  0.92
3278,  0.64
3279,  0.76
3280,  0.65
3281,  0.55
3282,  0.64
3283,  0.61
3284,  0.58
3285,  0.56
3286,  0.65
3287,  0.64
3288,  0.71
3289,  0.70
3290,  0.66
3291,  0.70
3292,  0.61
3293,  0.60
3294,  0.64
3295,  0.63
3296,  0.59
3297,  0.80
3298,  0.76
3299,  0.75
3300,  0.75
3301,  0.74
3302,  0.74
3303,  0.74
3304,  0.73
3305,  0.72
3306,  0.73
3307,  0.74
3308,  0.76
3309,  0.73
3310,  0.74
3311,  0.76
3312,  0.82
3313,  0.77
3314,  0.77
3315,  0.80
3316,  0.75
3317,  0.82
3318,  0.78
3319,  0.79
3320,  0.79
3321,  0.78
3322,  0.81
3323,  0.74
3324,  0.77
3325,  0.77
3326,  0.80
3327,  0.76
3328,  0.77
3329,  0.79
3330,  0.76
3331,  0.77
3332,  0.79
3333,  0.78
3334,  0.78
3335,  0.82
3336,  0.80
3337,  0.79
3338,  0.78
3339,  0.77
3340,  0.80
3341,  0.77
3342,  0.77
3343,  0.75
3344,  0.77
3345,  0.78
3346,  0.78
3347,  0.80
3348,  0.75
3349,  0.79
3350,  0.78
3351,  0.78
3352,  0.62
3353,  0.71
3354,  0.63
3355,  0.77
3356,  0.82
3357,  0.80
3358,  0.78
3359,  0.75
3360,  0.74
3361,  0.70
3362,  0.66
3363,  0.79
3364,  0.83
3365,  0.83
3366,  0.81
3367,  0.81
3368,  0.81
3369,  0.78
3370,  0.81
3371,  0.80
3372,  0.76
3373,  0.78
3374,  0.79
3375,  0.77
3376,  0.70
3377,  0.57
3378,  0.56
3379,  0.60
3380,  0.54
3381,  0.56
3382,  0.65
3383,  0.63
3384,  0.64
3385,  0.65
3386,  0.67
3387,  0.69
3388,  0.74
3389,  0.73
3390,  0.73
3391,  0.74
3392,  0.75
3393,  0.66
3394,  0.69
3395,  0.72
3396,  0.69
3397,  0.80
3398,  0.78
3399,  0.77
3400,  0.77
3401,  0.79
3402,  0.77
3403,  0.76
3404,  0.79
3405,  0.77
3406,  0.77
3407,  0.81
3408,  0.90
3409,  0.90
3410,  0.95
3411,  0.88
3412,  0.60
3413,  0.71
3414,  0.72
3415,  0.63
3416,  0.62
3417,  0.68
3418,  0.67
3419,  0.68
3420,  0.69
3421,  0.80
3422,  0.77
3423,  0.73
3424,  0.57
3425,  0.63
3426,  0.72
3427,  0.57
3428,  0.65
3429,  0.68
3430,  0.68
3431,  0.65
3432,  0.69
3433,  0.75
3434,  0.74
3435,  0.73
3436,  0.75
3437,  0.76
3438,  0.78
3439,  0.80
3440,  0.79
3441,  0.80
3442,  0.79
3443,  0.79
3444,  0.70
3445,  0.76
3446,  0.82
3447,  0.80
3448,  0.81
3449,  0.78
3450,  0.79
3451,  0.78
3452,  0.83
3453,  0.80
3454,  0.76
3455,  0.76
3456,  0.80
3457,  0.80
3458,  0.77
3459,  0.80
3460,  0.77
3461,  0.80
3462,  0.81
3463,  0.78
3464,  0.79
3465,  0.80
3466,  0.76
3467,  0.80
3468,  0.81
3469,  0.76
3470,  0.76
3471,  0.83
3472,  0.75
3473,  0.51
3474,  0.80
3475,  0.86
3476,  0.83
3477,  0.81
3478,  0.82
3479,  0.84
3480,  0.81
3481,  0.83
3482,  0.80
3483,  0.80
3484,  0.83
3485,  0.84
3486,  0.81
3487,  0.83
3488,  0.82
3489,  0.82
3490,  0.85
3491,  0.86
3492,  0.87
3493,  0.85
3494,  0.84
3495,  0.84
3496,  0.80
3497,  0.84
3498,  0.84
3499,  0.85
3500,  0.83
3501,  0.85
3502,  0.87
3503,  0.65
3504,  0.63
3505,  0.64
3506,  0.60
3507,  0.66
3508,  0.64
3509,  0.60
3510,  0.63
3511,  0.66
3512,  0.67
3513,  0.74
3514,  0.75
3515,  0.79
3516,  0.79
3517,  0.82
3518,  0.91
3519,  0.95
3520,  0.77
3521,  0.71
3522,  0.66
3523,  0.69
3524,  0.78
3525,  0.74
3526,  0.74
3527,  0.74
3528,  0.72
3529,  0.80
3530,  0.78
3531,  0.78
3532,  0.79
3533,  0.81
3534,  0.99
3535,  0.99
3536,  0.96
3537,  0.90
3538,  0.70
3539,  0.50
3540,  0.33
3541,  0.24
3542,  0.35
3543,  0.41
3544,  0.59
3545,  0.40
3546,  0.31
3547,  0.41
3548,  0.58
3549,  0.86
3550,  0.42
3551,  0.31
3552,  0.34
3553,  0.45
3554,  0.53
3555,  0.47
3556,  0.51
3557,  0.61
3558,  0.67
3559,  0.69
3560,  0.70
3561,  0.69
3562,  0.58
3563,  0.60
3564,  0.69
3565,  0.67
3566,  0.72
3567,  0.93
3568,  0.55
3569,  0.31
3570,  0.40
3571,  0.45
3572,  0.65
3573,  0.77
3574,  0.78
3575,  0.73
3576,  0.71
3577,  0.71
3578,  0.77
3579,  0.68
3580,  0.69
3581,  0.82
3582,  0.92
3583,  0.94
3584,  0.91
3585,  0.90
3586,  0.84
3587,  0.90
3588,  0.76
3589,  0.99
3590,  1.00
3591,  1.00
3592,  1.00
3593,  1.00
3594,  1.00
3595,  1.00
3596,  1.00
3597,  0.99
3598,  0.90
3599,  0.92
3600,  0.86
3601,  0.85
3602,  0.85
3603,  0.91
3604,  0.91
3605,  0.88
3606,  0.90
3607,  0.88
3608,  0.88
3609,  0.89
3610,  0.92
3611,  0.88
3612,  0.89
3613,  0.88
3614,  0.84
3615,  0.76
3616,  0.73
3617,  0.56
3618,  0.59
3619,  0.67
3620,  0.61
3621,  0.63
3622,  0.57
3623,  0.77
3624,  0.77
3625,  0.79
3626,  0.71
3627,  0.71
3628,  0.73
3629,  0.72
3630,  0.67
3631,  0.74
3632,  0.75
3633,  0.77
3634,  0.76
3635,  0.78
3636,  0.79
3637,  0.80
3638,  0.78
3639,  0.79
3640,  0.72
3641,  0.70
3642,  0.66
3643,  0.62
3644,  0.63
3645,  0.56
3646,  0.58
3647,  0.57
3648,  0.65
3649,  0.63
3650,  0.67
3651,  0.78
3652,  0.71
3653,  0.70
3654,  0.66
3655,  0.66
3656,  0.55
3657,  0.60
3658,  0.63
3659,  0.68
3660,  0.56
3661,  0.59
3662,  0.64
3663,  0.69
3664,  0.70
3665,  0.57
3666,  0.62
3667,  0.66
3668,  0.51
3669,  0.70
3670,  0.73
3671,  0.73
3672,  0.65
3673,  0.59
3674,  0.61
3675,  0.73
3676,  0.69
3677,  0.84
3678,  0.72
3679,  0.68
3680,  0.70
3681,  0.77
3682,  0.75
3683,  0.75
3684,  0.34
3685,  0.38
3686,  0.46
3687,  0.57
3688,  0.66
3689,  0.73
3690,  0.78
3691,  0.82
3692,  0.82
3693,  0.79
3694,  0.81
3695,  0.83
3696,  0.82
3697,  0.79
3698,  0.79
3699,  0.84
3700,  0.81
3701,  0.80
3702,  0.77
3703,  0.78
3704,  0.72
3705,  0.74
3706,  0.76
3707,  0.82
3708,  0.84
3709,  0.74
3710,  0.78
3711,  0.86
3712,  0.84
3713,  0.83
3714,  0.87
3715,  0.86
3716,  0.86
3717,  0.70
3718,  0.72
3719,  0.73
3720,  0.79
3721,  0.82
3722,  0.78
3723,  0.78
3724,  0.75
3725,  0.78
3726,  0.81
3727,  0.78
3728,  0.77
3729,  0.40
3730,  0.54
3731,  0.71
3732,  0.77
3733,  0.88
3734,  0.87
3735,  0.86
3736,  0.88
3737,  0.79
3738,  0.72
3739,  0.70
3740,  0.74
3741,  0.76
3742,  0.78
3743,  0.76
3744,  0.85
3745,  0.82
3746,  0.85
3747,  0.85
3748,  0.88
3749,  0.89
3750,  0.88
3751,  0.87
3752,  0.87
3753,  0.89
3754,  0.86
3755,  0.85
3756,  0.89
3757,  0.84
3758,  0.85
3759,  0.85
3760,  0.86
3761,  0.87
3762,  0.89
3763,  0.89
3764,  0.85
3765,  0.88
3766,  0.84
3767,  0.86
3768,  0.81
3769,  0.82
3770,  0.92
3771,  0.67
3772,  0.85
3773,  0.85
3774,  0.89
3775,  0.89
3776,  0.88
3777,  0.87
3778,  0.81
3779,  0.85
3780,  0.86
3781,  0.87
3782,  0.85
3783,  0.91
3784,  0.87
3785,  0.84
3786,  0.64
3787,  0.70
3788,  0.82
3789,  0.75
3790,  0.84
3791,  0.89
3792,  0.87
3793,  0.89
3794,  0.88
3795,  0.89
3796,  0.86
3797,  0.85
3798,  0.80
3799,  0.85
3800,  0.88
3801,  0.83
3802,  0.85
3803,  0.80
3804,  0.84
3805,  0.82
3806,  0.82
3807,  0.82
3808,  0.80
3809,  0.82
3810,  0.81
3811,  0.82
3812,  0.81
3813,  0.82
3814,  0.81
3815,  0.82
3816,  0.79
3817,  0.83
3818,  0.78
3819,  0.80
3820,  0.81
3821,  0.79
3822,  0.59
3823,  0.84
3824,  0.86
3825,  0.84
3826,  0.83
3827,  0.71
3828,  0.80
3829,  0.75
3830,  0.79
3831,  0.85
3832,  0.85
3833,  0.84
3834,  0.83
3835,  0.81
3836,  0.82
3837,  0.80
3838,  0.76
3839,  0.81
3840,  0.76
3841,  0.56
3842,  0.78
3843,  0.81
3844,  0.83
3845,  0.80
3846,  0.81
3847,  0.77
3848,  0.76
3849,  0.72
3850,  0.70
3851,  0.64
3852,  0.75
3853,  0.81
3854,  0.77
3855,  0.79
3856,  0.78
3857,  0.74
3858,  0.82
3859,  0.83
3860,  0.80
3861,  0.78
3862,  0.80
3863,  0.85
3864,  0.83
3865,  0.75
3866,  0.83
3867,  0.93
3868,  0.98
3869,  0.89
3870,  0.71
3871,  0.95
3872,  0.82
3873,  0.97
3874,  0.93
3875,  0.91
3876,  0.90
3877,  0.88
3878,  0.95
3879,  0.93
3880,  0.97
3881,  0.97
3882,  0.94
3883,  0.95
3884,  0.84
3885,  0.80
3886,  0.89
3887,  0.92
3888,  0.93
3889,  0.95
3890,  0.99
3891,  0.91
3892,  0.94
3893,  0.95
3894,  0.96
3895,  0.98
3896,  0.99
3897,  0.97
3898,  0.98
3899,  0.98
3900,  0.94
3901,  0.83
3902,  0.74
3903,  0.76
3904,  0.96
3905,  0.61
3906,  0.81
3907,  0.72
3908,  0.77
3909,  0.84
3910,  0.91
3911,  0.74
3912,  0.89
3913,  0.84
3914,  0.89
3915,  0.87
3916,  0.77
3917,  0.74
3918,  0.71
3919,  0.73
3920,  0.67
3921,  0.75
3922,  0.71
3923,  0.50
3924,  0.76
3925,  0.83
3926,  0.74
3927,  0.76
3928,  0.72
3929,  0.63
3930,  0.75
3931,  0.70
3932,  0.75
3933,  0.73
3934,  0.69
3935,  0.53
3936,  0.49
3937,  0.62
3938,  0.72
3939,  0.76
3940,  0.74
3941,  0.74
3942,  0.64
3943,  0.66
3944,  0.69
3945,  0.70
3946,  0.72
3947,  0.74
3948,  0.72
3949,  0.69
3950,  0.64
3951,  0.65
3952,  0.72
3953,  0.70
3954,  0.69
3955,  0.61
3956,  0.63
3957,  0.67
3958,  0.74
3959,  0.74
3960,  0.74
3961,  0.68
3962,  0.65
3963,  0.71
3964,  0.75
3965,  0.76
3966,  0.77
3967,  0.82
3968,  0.75
3969,  0.72
3970,  0.75
3971,  0.75
3972,  0.76
3973,  0.71
3974,  0.73
3975,  0.68
3976,  0.64
3977,  0.68
3978,  0.77
3979,  0.80
3980,  0.83
3981,  0.80
3982,  0.83
3983,  0.81
3984,  0.79
3985,  0.81
3986,  0.85
3987,  0.68
3988,  0.80
3989,  0.79
3990,  0.83
3991,  0.80
3992,  0.86
3993,  0.68
3994,  0.68
3995,  0.69
3996,  0.63
3997,  0.49
3998,  0.87
3999,  0.96
4000,  0.95
4001,  0.88
4002,  0.95
4003,  0.96
4004,  0.95
4005,  0.93
4006,  0.94
4007,  0.97
4008,  0.96
4009,  0.95
4010,  0.94
4011,  0.93
4012,  0.89
4013,  0.84
4014,  0.86
4015,  0.85
4016,  0.80
4017,  0.84
4018,  0.83
4019,  0.79
4020,  0.82
4021,  0.87
4022,  0.88
4023,  0.85
4024,  0.88
4025,  0.87
4026,  0.86
4027,  0.84
4028,  0.88
4029,  0.87
4030,  0.87
4031,  0.88
4032,  0.88
4033,  0.84
4034,  0.88
4035,  0.89
4036,  0.87
4037,  0.85
4038,  0.87
4039,  0.85
4040,  0.87
4041,  0.89
4042,  0.87
4043,  0.86
4044,  0.75
4045,  0.76
4046,  0.86
4047,  0.88
4048,  0.88
4049,  0.87
4050,  0.86
4051,  0.83
4052,  0.87
4053,  0.85
4054,  0.85
4055,  0.85
4056,  0.83
4057,  0.85
4058,  0.86
4059,  0.82
4060,  0.82
4061,  0.83
4062,  0.60
4063,  0.77
4064,  0.86
4065,  0.83
4066,  0.83
4067,  0.80
4068,  0.84
4069,  0.85
4070,  0.83
4071,  0.75
4072,  0.83
4073,  0.83
4074,  0.85
4075,  0.82
4076,  0.80
4077,  0.82
4078,  0.84
4079,  0.82
4080,  0.84
4081,  0.86
4082,  0.80
4083,  0.81
4084,  0.80
4085,  0.78
4086,  0.73
4087,  0.84
4088,  0.82
4089,  0.83
4090,  0.80
4091,  0.81
4092,  0.77
4093,  0.80
4094,  0.78
4095,  0.76
4096,  0.79
4097,  0.77
4098,  0.81
4099,  0.74
4100,  0.80
4101,  0.79
4102,  0.77
4103,  0.74
4104,  0.78
4105,  0.80
4106,  0.80
4107,  0.79
4108,  0.67
4109,  0.80
4110,  0.84
4111,  0.85
4112,  0.81
4113,  0.83
4114,  0.82
4115,  0.82
4116,  0.82
4117,  0.80
4118,  0.80
4119,  0.81
4120,  0.80
4121,  0.80
4122,  0.80
4123,  0.83
4124,  0.79
4125,  0.81
4126,  0.81
4127,  0.82
4128,  0.82
4129,  0.84
4130,  0.69
4131,  0.79
4132,  0.88
4133,  0.86
4134,  0.87
4135,  0.86
4136,  0.86
4137,  0.84
4138,  0.86
4139,  0.85
4140,  0.83
4141,  0.83
4142,  0.81
4143,  0.83
4144,  0.84
4145,  0.83
4146,  0.82
4147,  0.84
4148,  0.85
4149,  0.82
4150,  0.80
4151,  0.82
4152,  0.81
4153,  0.83
4154,  0.80
4155,  0.80
4156,  0.80
4157,  0.79
4158,  0.82
4159,  0.80
4160,  0.85
4161,  0.81
4162,  0.82
4163,  0.85
4164,  0.84
4165,  0.83
4166,  0.84
4167,  0.83
4168,  0.83
4169,  0.81
4170,  0.84
4171,  0.84
4172,  0.84
4173,  0.85
4174,  0.84
4175,  0.81
4176,  0.84
4177,  0.83
4178,  0.85
4179,  0.85
4180,  0.84
4181,  0.81
4182,  0.85
4183,  0.84
4184,  0.84
4185,  0.84
4186,  0.84
4187,  0.87
4188,  0.83
4189,  0.85
4190,  0.85
4191,  0.85
4192,  0.86
4193,  0.85
4194,  0.85
4195,  0.84
4196,  0.84
4197,  0.84
4198,  0.84
4199,  0.83
4200,  0.83
4201,  0.84
4202,  0.83
4203,  0.86
4204,  0.86
4205,  0.84
4206,  0.84
4207,  0.84
4208,  0.83
4209,  0.84
4210,  0.82
4211,  0.69
4212,  0.57
4213,  0.48
4214,  0.73
4215,  0.84
4216,  0.72
4217,  0.93
4218,  0.98
4219,  0.99
4220,  0.99
4221,  0.98
4222,  0.98
4223,  0.96
4224,  0.97
4225,  0.91
4226,  0.90
4227,  0.91
4228,  0.93
4229,  0.96
4230,  0.95
4231,  0.97
4232,  0.93
4233,  0.90
4234,  0.87
4235,  0.86
4236,  0.89
4237,  0.83
4238,  0.86
4239,  0.87
4240,  0.91
4241,  0.90
4242,  0.90
4243,  0.90
4244,  0.87
4245,  0.87
4246,  0.86
4247,  0.85
4248,  0.84
4249,  0.86
4250,  0.86
4251,  0.86
4252,  0.86
4253,  0.85
4254,  0.85
4255,  0.87
4256,  0.82
4257,  0.87
4258,  0.86
4259,  0.84
4260,  0.78
4261,  0.71
4262,  0.67
4263,  0.59
4264,  0.59
4265,  0.63
4266,  0.59
4267,  0.59
4268,  0.56
4269,  0.48
4270,  0.56
4271,  0.61
4272,  0.65
4273,  0.64
4274,  0.67
4275,  0.62
4276,  0.63
4277,  0.62
4278,  0.68
4279,  0.72
4280,  0.72
4281,  0.74
4282,  0.81
4283,  0.82
4284,  0.82
4285,  0.83
4286,  0.84
4287,  0.85
4288,  0.85
4289,  0.83
4290,  0.84
4291,  0.83
4292,  0.82
4293,  0.81
4294,  0.79
4295,  0.77
4296,  0.78
4297,  0.87
4298,  0.83
4299,  0.83
4300,  0.78
4301,  0.79
4302,  0.75
4303,  0.78
4304,  0.79
4305,  0.80
4306,  0.79
4307,  0.79
4308,  0.82
4309,  0.81
4310,  0.82
4311,  0.83
4312,  0.82
4313,  0.82
4314,  0.82
4315,  0.83
4316,  0.83
4317,  0.84
4318,  0.86
4319,  0.86
4320,  0.85
4321,  0.84
4322,  0.84
4323,  0.82
4324,  0.83
4325,  0.84
4326,  0.86
4327,  0.86
4328,  0.87
4329,  0.88
4330,  0.83
4331,  0.84
4332,  0.86
4333,  0.87
4334,  0.84
4335,  0.84
4336,  0.86
4337,  0.78
4338,  0.86
4339,  0.87
4340,  0.84
4341,  0.86
4342,  0.86
4343,  0.86
4344,  0.86
4345,  0.86
4346,  0.88
4347,  0.85
4348,  0.86
4349,  0.87
4350,  0.86
4351,  0.83
4352,  0.85
4353,  0.86
4354,  0.85
4355,  0.85
4356,  0.86
4357,  0.83
4358,  0.85
4359,  0.85
4360,  0.84
4361,  0.81
4362,  0.85
4363,  0.87
4364,  0.89
4365,  0.87
4366,  0.88
4367,  0.88
4368,  0.87
4369,  0.87
4370,  0.87
4371,  0.84
4372,  0.86
4373,  0.84
4374,  0.86
4375,  0.85
4376,  0.87
4377,  0.86
4378,  0.86
4379,  0.88
4380,  0.88
4381,  0.87
4382,  0.89
4383,  0.89
4384,  0.87
4385,  0.86
4386,  0.78
4387,  0.65
4388,  0.36
4389,  0.23
4390,  0.13
4391,  0.17
4392,  0.37
4393,  0.23
4394,  0.28
4395,  0.40
4396,  0.49
4397,  0.66
4398,  0.64
4399,  0.69
4400,  0.79
4401,  0.82
4402,  0.83
4403,  0.85
4404,  0.85
4405,  0.88
4406,  0.90
4407,  0.89
4408,  0.89
4409,  0.89
4410,  0.89
4411,  0.87
4412,  0.88
4413,  0.84
4414,  0.87
4415,  0.87
4416,  0.88
4417,  0.88
4418,  0.89
4419,  0.88
4420,  0.89
4421,  0.88
4422,  0.89
4423,  0.87
4424,  0.88
4425,  0.89
4426,  0.88
4427,  0.89
4428,  0.90
4429,  0.89
4430,  0.90
4431,  0.88
4432,  0.91
4433,  0.89
4434,  0.89
4435,  0.88
4436,  0.89
4437,  0.87
4438,  0.89
4439,  0.88
4440,  0.89
4441,  0.88
4442,  0.89
4443,  0.88
4444,  0.89
4445,  0.90
4446,  0.90
4447,  0.90
4448,  0.91
4449,  0.88
4450,  0.78
4451,  0.76
4452,  0.80
4453,  0.81
4454,  0.86
4455,  0.87
4456,  0.86
4457,  0.87
4458,  0.88
4459,  0.76
4460,  0.84
4461,  0.87
4462,  0.87
4463,  0.88
4464,  0.87
4465,  0.88
4466,  0.88
4467,  0.86
4468,  0.85
4469,  0.90
4470,  0.86
4471,  0.87
4472,  0.84
4473,  0.84
4474,  0.86
4475,  0.86
4476,  0.89
4477,  0.89
4478,  0.85
4479,  0.88
4480,  0.88
4481,  0.86
4482,  0.85
4483,  0.90
4484,  0.90
4485,  0.91
4486,  0.89
4487,  0.89
4488,  0.89
4489,  0.89
4490,  0.83
4491,  0.84
4492,  0.88
4493,  0.89
4494,  0.90
4495,  0.90
4496,  0.89
4497,  0.89
4498,  0.89
4499,  0.89
4500,  0.90
4501,  0.90
4502,  0.90
4503,  0.90
4504,  0.91
4505,  0.89
4506,  0.88
4507,  0.89
4508,  0.91
4509,  0.91
4510,  0.92
4511,  0.88
4512,  0.90
4513,  0.90
4514,  0.90
4515,  0.88
4516,  0.88
4517,  0.89
4518,  0.89
4519,  0.88
4520,  0.89
4521,  0.92
4522,  0.90
4523,  0.90
4524,  0.91
4525,  0.92
4526,  0.93
4527,  0.90
4528,  0.86
4529,  0.80
4530,  0.77
4531,  0.82
4532,  0.88
4533,  0.90
4534,  0.88
4535,  0.87
4536,  0.89
4537,  0.88
4538,  0.88
4539,  0.89
4540,  0.90
4541,  0.91
4542,  0.91
4543,  0.91
4544,  0.91
4545,  0.91
4546,  0.92
4547,  0.90
4548,  0.90
4549,  0.92
4550,  0.91
4551,  0.89
4552,  0.90
4553,  0.90
4554,  0.91
4555,  0.92
4556,  0.90
4557,  0.87
4558,  0.88
4559,  0.92
4560,  0.92
4561,  0.92
4562,  0.92
4563,  0.91
4564,  0.92
4565,  0.93
4566,  0.94
4567,  0.92
4568,  0.91
4569,  0.79
4570,  0.75
4571,  0.82
4572,  0.76
4573,  0.73
4574,  0.69
4575,  0.71
4576,  0.69
4577,  0.74
4578,  0.80
4579,  0.83
4580,  0.85
4581,  0.84
4582,  0.91
4583,  0.90
4584,  0.84
4585,  0.87
4586,  0.89
4587,  0.88
4588,  0.89
4589,  0.90
4590,  0.88
4591,  0.88
4592,  0.88
4593,  0.88
4594,  0.88
4595,  0.88
4596,  0.87
4597,  0.87
4598,  0.86
4599,  0.87
4600,  0.89
4601,  0.90
4602,  0.88
4603,  0.82
4604,  0.83
4605,  0.87
4606,  0.87
4607,  0.89
4608,  0.88
4609,  0.89
4610,  0.89
4611,  0.89
4612,  0.91
4613,  0.88
4614,  0.89
4615,  0.88
4616,  0.87
4617,  0.89
4618,  0.89
4619,  0.86
4620,  0.88
4621,  0.87
4622,  0.89
4623,  0.91
4624,  0.90
4625,  0.90
4626,  0.88
4627,  0.90
4628,  0.91
4629,  0.91
4630,  0.89
4631,  0.91
4632,  0.89
4633,  0.89
4634,  0.88
4635,  0.90
4636,  0.89
4637,  0.91
4638,  0.91
4639,  0.90
4640,  0.89
4641,  0.91
4642,  0.89
4643,  0.91
4644,  0.91
4645,  0.90
4646,  0.92
4647,  0.93
4648,  0.94
4649,  0.91
4650,  0.92
4651,  0.91
4652,  0.92
4653,  0.93
4654,  0.92
4655,  0.91
4656,  0.93
4657,  0.94
4658,  0.93
4659,  0.94
4660,  0.93
4661,  0.93
4662,  0.93
4663,  0.93
4664,  0.94
4665,  0.94
4666,  0.94
4667,  0.93
4668,  0.94
4669,  0.91
4670,  0.95
4671,  0.94
4672,  0.93
4673,  0.94
4674,  0.94
4675,  0.94
4676,  0.94
4677,  0.95
4678,  0.93
4679,  0.91
4680,  0.95
4681,  0.92
4682,  0.94
4683,  0.94
4684,  0.93
4685,  0.93
4686,  0.94
4687,  0.91
4688,  0.93
4689,  0.94
4690,  0.94
4691,  0.93
4692,  0.92
4693,  0.94
4694,  0.92
4695,  0.92
4696,  0.92
4697,  0.94
4698,  0.94
4699,  0.93
4700,  0.93
4701,  0.91
4702,  0.93
4703,  0.92
4704,  0.91
4705,  0.92
4706,  0.93
4707,  0.91
4708,  0.91
4709,  0.92
4710,  0.91
4711,  0.92
4712,  0.92
4713,  0.92
4714,  0.92
4715,  0.92
4716,  0.91
4717,  0.92
4718,  0.92
4719,  0.91
4720,  0.92
4721,  0.89
4722,  0.92
4723,  0.91
4724,  0.93
4725,  0.91
4726,  0.92
4727,  0.91
4728,  0.91
4729,  0.92
4730,  0.91
4731,  0.90
4732,  0.91
4733,  0.92
4734,  0.92
4735,  0.90
4736,  0.91
4737,  0.93
4738,  0.93
4739,  0.91
4740,  0.93
4741,  0.91
4742,  0.92
4743,  0.91
4744,  0.94
4745,  0.93
4746,  0.92
4747,  0.92
4748,  0.93
4749,  0.94
4750,  0.93
4751,  0.93
4752,  0.92
4753,  0.94
4754,  0.94
4755,  0.94
4756,  0.93
4757,  0.93
4758,  0.93
4759,  0.93
4760,  0.93
4761,  0.94
4762,  0.93
4763,  0.91
4764,  0.93
4765,  0.93
4766,  0.94
4767,  0.94
4768,  0.94
4769,  0.93
4770,  0.94
4771,  0.92
4772,  0.94
4773,  0.93
4774,  0.95
4775,  0.95
4776,  0.94
4777,  0.95
4778,  0.94
4779,  0.94
4780,  0.92
4781,  0.94
4782,  0.93
4783,  0.93
4784,  0.93
4785,  0.95
4786,  0.95
4787,  0.94
4788,  0.92
4789,  0.94
4790,  0.94
4791,  0.94
4792,  0.93
4793,  0.94
4794,  0.94
4795,  0.94
4796,  0.93
4797,  0.95
4798,  0.93
4799,  0.94
4800,  0.94
4801,  0.92
4802,  0.47
4803,  0.36
4804,  0.65
4805,  0.66
4806,  0.70
4807,  0.82
4808,  0.88
4809,  0.78
4810,  0.78
4811,  0.52
4812,  0.79
4813,  0.57
4814,  0.66
4815,  0.65
4816,  0.54
4817,  0.48
4818,  0.93
4819,  0.63
4820,  0.91
4821,  0.99
4822,  0.50
4823,  0.61
4824,  0.25
4825,  0.46
4826,  0.48
4827,  0.66
4828,  0.55
4829,  0.45
4830,  0.44
4831,  0.31
4832,  0.20
4833,  0.17
4834,  0.05
4835,  0.03
4836,  0.03
4837,  0.24
4838,  0.46
4839,  0.01
4840,  0.00
4841,  0.00
4842,  0.01
4843,  0.01
4844,  0.01
4845,  0.01
4846,  0.01
4847,  0.01
4848,  0.00
4849,  0.00
4850,  0.01
4851,  0.03
4852,  0.04
4853,  0.10
4854,  0.23
4855,  0.20
4856,  0.16
4857,  0.12
4858,  0.28
4859,  0.41
4860,  0.35
4861,  0.28
4862,  0.38
4863,  0.43
4864,  0.45
4865,  0.54
4866,  0.62
4867,  0.66
4868,  0.71
4869,  0.72
4870,  0.80
4871,  0.80
4872,  0.84
4873,  0.85
4874,  0.85
4875,  0.86
4876,  0.87
4877,  0.85
4878,  0.82
4879,  0.84
4880,  0.84
4881,  0.84
4882,  0.83
4883,  0.84
4884,  0.84
4885,  0.86
4886,  0.89
4887,  0.86
4888,  0.88
4889,  0.89
4890,  0.87
4891,  0.89
4892,  0.89
4893,  0.89
4894,  0.90
4895,  0.89
4896,  0.91
4897,  0.91
4898,  0.89
4899,  0.87
4900,  0.87
4901,  0.88
4902,  0.86
4903,  0.88
4904,  0.91
4905,  0.91
4906,  0.89
4907,  0.90
4908,  0.88
4909,  0.88
4910,  0.90
4911,  0.91
4912,  0.91
4913,  0.98
4914,  0.94
4915,  0.97
4916,  0.99
4917,  0.99
4918,  0.97
4919,  0.95
4920,  0.94
4921,  0.94
4922,  0.93
4923,  0.95
4924,  0.94
4925,  0.94
4926,  0.94
4927,  0.95
4928,  0.94
4929,  0.94
4930,  0.95
4931,  0.92
4932,  0.92
4933,  0.95
4934,  0.95
4935,  0.96
4936,  0.95
4937,  0.96
4938,  0.94
4939,  0.95
4940,  0.95
4941,  0.94
4942,  0.94
4943,  0.93
4944,  0.95
4945,  0.95
4946,  0.95
4947,  0.93
4948,  0.94
4949,  0.95
4950,  0.92
4951,  0.94
4952,  0.93
4953,  0.94
4954,  0.93
4955,  0.95
4956,  0.95
4957,  0.93
4958,  0.95
4959,  0.94
4960,  0.94
4961,  0.94
4962,  0.96
4963,  0.95
4964,  0.94
4965,  0.95
4966,  0.94
4967,  0.93
4968,  0.94
4969,  0.89
4970,  0.92
4971,  0.93
4972,  0.94
4973,  0.92
4974,  0.92
4975,  0.94
4976,  0.94
4977,  0.95
4978,  0.94
4979,  0.64
4980,  0.53
4981,  1.00
4982,  1.00
4983,  1.00
4984,  0.99
4985,  0.98
4986,  0.98
4987,  0.98
4988,  0.98
4989,  0.99
4990,  0.99
4991,  0.99
4992,  0.99
4993,  0.99
4994,  0.98
4995,  0.99
4996,  0.98
4997,  0.97
4998,  0.98
4999,  0.96
5000,  0.97
5001,  0.95
5002,  0.96
5003,  0.96
5004,  0.96
5005,  0.96
5006,  0.94
5007,  0.98
5008,  0.98
5009,  0.99
5010,  0.99
5011,  0.99
5012,  0.98
5013,  0.98
5014,  0.98
5015,  0.96
5016,  0.97
5017,  0.97
5018,  0.97
5019,  0.96
5020,  0.97
5021,  0.96
5022,  0.97
5023,  0.96
5024,  0.96
5025,  0.96
5026,  0.96
5027,  0.96
5028,  0.95
5029,  0.95
5030,  0.93
5031,  0.95
5032,  0.97
5033,  0.97
5034,  0.98
5035,  0.96
5036,  0.96
5037,  0.93
5038,  0.93
5039,  0.96
5040,  0.97
5041,  0.97
5042,  0.96
5043,  0.95
5044,  0.96
5045,  0.95
5046,  0.96
5047,  0.95
5048,  0.94
5049,  0.91
5050,  0.93
5051,  0.91
5052,  0.90
5053,  0.91
5054,  0.89
5055,  0.90
5056,  0.91
5057,  0.91
5058,  0.91
5059,  0.93
5060,  0.92
5061,  0.90
5062,  0.97
5063,  0.98
5064,  0.99
5065,  0.97
5066,  0.93
5067,  0.95
5068,  0.96
5069,  0.94
5070,  0.93
5071,  0.94
5072,  0.93
5073,  0.94
5074,  0.93
5075,  0.95
5076,  0.94
5077,  0.93
5078,  0.91
5079,  0.91
5080,  0.91
5081,  0.91
5082,  0.93
5083,  0.92
5084,  0.93
5085,  0.92
5086,  0.93
5087,  0.93
5088,  0.93
5089,  0.94
5090,  0.92
5091,  0.91
5092,  0.93
5093,  0.91
5094,  0.92
5095,  0.94
5096,  0.95
5097,  0.93
5098,  0.93
5099,  0.93
5100,  0.91
5101,  0.90
5102,  0.92
5103,  0.89
5104,  0.92
5105,  0.92
5106,  0.92
5107,  0.92
5108,  0.91
5109,  0.92
5110,  0.93
5111,  0.91
5112,  0.90
5113,  0.93
5114,  0.90
5115,  0.92
5116,  0.93
5117,  0.93
5118,  0.94
5119,  0.92
5120,  0.93
5121,  0.94
5122,  0.94
5123,  1.00
5124,  0.91
5125,  1.00
5126,  1.00
5127,  1.00
5128,  0.99
5129,  0.96
5130,  0.86
5131,  0.75
5132,  0.98
5133,  0.98
5134,  0.96
5135,  0.95
5136,  0.92
5137,  0.94
5138,  0.93
5139,  0.94
5140,  0.93
5141,  0.92
5142,  0.93
5143,  0.80
5144,  0.12
5145,  0.01
5146,  0.14
5147,  0.70
5148,  1.00
5149,  1.00
5150,  1.00
5151,  1.00
5152,  0.99
5153,  0.98
5154,  0.99
5155,  0.99
5156,  1.00
5157,  1.00
5158,  1.00
5159,  1.00
5160,  0.99
5161,  0.97
5162,  0.95
5163,  0.95
5164,  0.93
5165,  0.94
5166,  0.95
5167,  0.91
5168,  0.93
5169,  0.90
5170,  0.90
5171,  0.90
5172,  0.92
5173,  0.90
5174,  0.92
5175,  0.94
5176,  0.93
5177,  0.87
5178,  0.79
5179,  0.77
5180,  0.78
5181,  0.79
5182,  0.77
5183,  0.84
5184,  0.72
5185,  0.76
5186,  0.64
5187,  0.63
5188,  0.65
5189,  0.70
5190,  0.76
5191,  0.68
5192,  0.69
5193,  0.76
5194,  0.76
5195,  0.78
5196,  0.80
5197,  0.83
5198,  0.83
5199,  0.84
5200,  0.83
5201,  0.81
5202,  0.88
5203,  0.86
5204,  0.80
5205,  0.80
5206,  0.89
5207,  0.87
5208,  0.92
5209,  0.93
5210,  0.97
5211,  0.95
5212,  0.96
5213,  0.96
5214,  0.95
5215,  0.95
5216,  0.96
5217,  0.95
5218,  0.94
5219,  0.96
5220,  0.95
5221,  0.94
5222,  0.94
5223,  0.93
5224,  0.94
5225,  0.94
5226,  0.94
5227,  0.94
5228,  0.93
5229,  0.94
5230,  0.93
5231,  0.94
5232,  0.93
5233,  0.93
5234,  0.95
5235,  0.95
5236,  0.92
5237,  0.92
5238,  0.92
5239,  0.92
5240,  0.94
5241,  0.93
5242,  0.94
5243,  0.94
5244,  0.94
5245,  0.91
5246,  0.93
5247,  0.93
5248,  0.93
5249,  0.95
5250,  0.93
5251,  0.93
5252,  0.96
5253,  0.95
5254,  0.93
5255,  0.92
5256,  0.92
5257,  0.93
5258,  0.91
5259,  0.91
5260,  0.91
5261,  0.92
5262,  0.93
5263,  0.93
5264,  0.93
5265,  0.93
5266,  0.94
5267,  0.93
5268,  0.93
5269,  0.93
5270,  0.94
5271,  0.94
5272,  0.94
5273,  0.96
5274,  0.96
5275,  0.93
5276,  0.93
5277,  0.84
5278,  0.94
5279,  0.93
5280,  0.94
5281,  0.94
5282,  0.94
5283,  0.90
5284,  0.89
5285,  0.93
5286,  0.97
5287,  0.95
5288,  0.87
5289,  0.95
5290,  0.93
5291,  0.92
5292,  0.99
5293,  0.96
5294,  0.96
5295,  0.95
5296,  0.93
5297,  0.93
5298,  0.92
5299,  0.90
5300,  0.59
5301,  0.51
5302,  0.85
5303,  0.90
5304,  0.94
5305,  0.98
5306,  0.96
5307,  0.94
5308,  0.85
5309,  0.95
5310,  0.81
5311,  0.88
5312,  0.98
5313,  0.88
5314,  0.89
5315,  0.83
5316,  0.86
5317,  0.87
5318,  0.88
5319,  0.88
5320,  0.87
5321,  0.91
5322,  0.91
5323,  0.90
5324,  0.92
5325,  0.93
5326,  0.98
5327,  1.00
5328,  0.99
5329,  0.99
5330,  0.99
5331,  0.99
5332,  0.99
5333,  1.00
5334,  1.00
5335,  0.99
5336,  0.99
5337,  0.98
5338,  0.97
5339,  0.96
5340,  0.93
5341,  0.92
5342,  0.92
5343,  0.93
5344,  0.92
5345,  0.92
5346,  0.91
5347,  0.92
5348,  0.92
5349,  0.91
5350,  0.92
5351,  0.96
5352,  0.95
5353,  0.94
5354,  0.93
5355,  0.94
5356,  0.92
5357,  0.93
5358,  0.94
5359,  0.94
5360,  0.93
5361,  0.94
5362,  0.95
5363,  0.95
5364,  0.94
5365,  0.93
5366,  0.88
5367,  0.89
5368,  0.64
5369,  0.81
5370,  0.87
5371,  0.90
5372,  0.91
5373,  0.91
5374,  0.91
5375,  0.88
5376,  0.87
5377,  0.90
5378,  0.92
5379,  0.91
5380,  0.92
5381,  0.92
5382,  0.91
5383,  0.91
5384,  0.89
5385,  0.85
5386,  0.93
5387,  0.92
5388,  0.92
5389,  0.98
5390,  1.00
5391,  0.99
5392,  1.00
5393,  1.00
5394,  0.74
5395,  0.78
5396,  0.48
5397,  0.67
5398,  0.98
5399,  0.95
5400,  0.95
5401,  0.97
5402,  0.88
5403,  0.86
5404,  0.84
5405,  0.86
5406,  0.96
5407,  1.00
5408,  1.00
5409,  1.00
5410,  0.99
5411,  0.99
5412,  0.99
5413,  0.99
5414,  0.96
5415,  0.94
5416,  0.89
5417,  0.97
5418,  0.98
5419,  0.98
5420,  0.99
5421,  0.98
5422,  0.98
5423,  0.93
5424,  0.94
5425,  0.97
5426,  0.96
5427,  0.96
5428,  0.97
5429,  0.96
5430,  0.97
5431,  0.96
5432,  0.96
5433,  0.97
5434,  0.98
5435,  0.98
5436,  0.98
5437,  0.98
5438,  0.99
5439,  1.00
5440,  1.00
5441,  1.00
5442,  1.00
5443,  0.91
5444,  0.91
5445,  0.98
5446,  1.00
5447,  1.00
5448,  1.00
5449,  1.00
5450,  1.00
5451,  1.00
5452,  1.00
5453,  1.00
5454,  1.00
5455,  0.99
5456,  1.00
5457,  1.00
5458,  0.92
5459,  0.97
5460,  0.97
5461,  0.97
5462,  1.00
5463,  1.00
5464,  1.00
5465,  1.00
5466,  1.00
5467,  1.00
5468,  1.00
5469,  1.00
5470,  1.00
5471,  1.00
5472,  0.99
5473,  0.98
5474,  0.95
5475,  0.63
5476,  0.59
5477,  0.59
5478,  0.90
5479,  0.92
5480,  0.96
5481,  0.85
5482,  0.95
5483,  0.92
5484,  0.87
5485,  0.93
5486,  0.95
5487,  0.92
5488,  0.99
5489,  0.91
5490,  0.92
5491,  0.91
5492,  0.96
5493,  0.96
5494,  0.95
5495,  0.94
5496,  0.97
5497,  0.96
5498,  0.96
5499,  0.94
5500,  0.96
5501,  1.00
5502,  0.98
5503,  0.97
5504,  1.00
5505,  0.99
5506,  0.98
5507,  0.98
5508,  1.00
5509,  1.00
5510,  0.99
5511,  1.00
5512,  1.00
5513,  0.99
5514,  1.00
5515,  1.00
5516,  1.00
5517,  1.00
5518,  1.00
5519,  1.00
5520,  1.00
5521,  1.00
5522,  1.00
5523,  1.00
5524,  1.00
5525,  1.00
5526,  1.00
5527,  1.00
5528,  0.99
5529,  1.00
5530,  0.99
5531,  0.99
5532,  0.95
5533,  1.00
5534,  1.00
5535,  1.00
5536,  1.00
5537,  1.00
5538,  1.00
5539,  1.00
5540,  1.00
5541,  1.00
5542,  1.00
5543,  1.00
5544,  1.00
5545,  1.00
5546,  1.00
5547,  1.00
5548,  0.99
5549,  0.99
5550,  0.95
5551,  0.91
5552,  0.79
5553,  0.87
5554,  0.98
5555,  0.96
5556,  0.77
5557,  0.69
5558,  0.54
5559,  0.47
5560,  0.61
5561,  0.64
5562,  0.65
5563,  0.68
5564,  0.63
5565,  0.75
5566,  0.74
5567,  0.75
5568,  0.72
5569,  0.82
5570,  0.87
5571,  0.91
5572,  0.90
5573,  0.95
5574,  0.86
5575,  0.98
5576,  0.98
5577,  0.98
5578,  0.97
5579,  0.97
5580,  0.96
5581,  0.92
5582,  0.92
5583,  1.00
5584,  1.00
5585,  1.00
5586,  1.00
5587,  0.97
5588,  1.00
5589,  0.99
5590,  0.99
5591,  0.98
5592,  0.99
5593,  0.99
5594,  0.96
5595,  0.95
5596,  0.96
5597,  0.94
5598,  0.91
5599,  0.96
5600,  0.95
5601,  0.97
5602,  0.98
5603,  0.95
5604,  0.98
5605,  0.98
5606,  0.97
5607,  0.97
5608,  0.98
5609,  0.99
5610,  0.99
5611,  0.98
5612,  0.97
5613,  0.99
5614,  0.98
5615,  0.99
5616,  0.98
5617,  0.98
5618,  0.98
5619,  0.99
5620,  0.94
5621,  0.97
5622,  0.99
5623,  0.98
5624,  0.99
5625,  0.99
5626,  0.99
5627,  0.99
5628,  0.99
5629,  0.99
5630,  0.99
5631,  0.99
5632,  0.98
5633,  0.98
5634,  0.98
5635,  0.98
5636,  0.98
5637,  0.97
5638,  0.96
5639,  0.97
5640,  0.96
5641,  0.96
5642,  0.97
5643,  0.95
5644,  0.92
5645,  0.91
5646,  0.88
5647,  0.87
5648,  0.88
5649,  0.95
5650,  0.94
5651,  0.92
5652,  0.91
5653,  0.92
5654,  0.88
5655,  0.81
5656,  0.83
5657,  0.85
5658,  0.85
5659,  0.90
5660,  0.89
5661,  0.89
5662,  0.91
5663,  0.90
5664,  0.90
5665,  0.88
5666,  0.86
5667,  0.89
5668,  0.91
5669,  0.89
5670,  0.88
5671,  0.91
5672,  0.90
5673,  0.89
5674,  0.89
5675,  0.90
5676,  0.89
5677,  0.91
5678,  0.86
5679,  0.85
5680,  0.90
5681,  0.88
5682,  0.93
5683,  0.89
5684,  0.89
5685,  0.91
5686,  0.91
5687,  0.89
5688,  0.89
5689,  0.91
5690,  0.88
5691,  0.88
5692,  0.92
5693,  0.91
5694,  0.90
5695,  0.90
5696,  0.92
5697,  0.91
5698,  0.91
5699,  0.93
5700,  0.90
5701,  0.92
5702,  0.96
5703,  0.95
5704,  0.93
5705,  0.95
5706,  0.93
5707,  0.94
5708,  0.95
5709,  0.95
5710,  0.94
5711,  0.99
5712,  0.98
5713,  0.96
5714,  0.97
5715,  0.96
5716,  0.95
5717,  0.94
5718,  0.94
5719,  0.95
5720,  0.94
5721,  0.95
5722,  0.94
5723,  0.94
5724,  0.95
5725,  0.94
5726,  0.96
5727,  0.95
5728,  0.95
5729,  0.95
5730,  0.95
5731,  0.95
5732,  0.94
5733,  0.96
5734,  0.97
5735,  0.97
5736,  0.97
5737,  0.94
5738,  0.95
5739,  0.97
5740,  0.97
5741,  0.96
5742,  0.97
5743,  0.96
5744,  0.96
5745,  0.95
5746,  0.95
5747,  0.95
5748,  0.95
5749,  0.94
5750,  0.93
5751,  0.95
5752,  0.94
5753,  0.94
5754,  0.94
5755,  0.95
5756,  0.95
5757,  0.95
5758,  0.96
5759,  0.96
5760,  0.96
5761,  0.95
5762,  0.95
5763,  0.95
5764,  0.94
5765,  0.92
5766,  0.96
5767,  0.94
5768,  0.94
5769,  0.95
5770,  0.95
5771,  0.94
5772,  0.96
5773,  0.94
5774,  0.96
5775,  0.95
5776,  0.94
5777,  0.94
5778,  0.95
5779,  0.95
5780,  0.95
5781,  0.94
5782,  0.94
5783,  0.94
5784,  0.94
5785,  0.94
5786,  0.95
5787,  0.95
5788,  0.95
5789,  0.94
5790,  0.94
5791,  0.95
5792,  0.95
5793,  0.95
5794,  0.94
5795,  0.94
5796,  0.94
5797,  0.95
5798,  0.96
5799,  0.94
5800,  0.95
5801,  0.95
5802,  0.96
5803,  0.96
5804,  0.95
5805,  0.94
5806,  0.93
5807,  0.93
5808,  0.94
5809,  0.93
5810,  0.94
5811,  0.93
5812,  0.94
5813,  0.95
5814,  0.95
5815,  0.94
5816,  0.93
5817,  0.94
5818,  0.94
5819,  0.94
5820,  0.94
5821,  0.94
5822,  0.94
5823,  0.95
5824,  0.95
5825,  0.95
5826,  0.95
5827,  0.97
5828,  0.96
5829,  0.96
5830,  0.96
5831,  0.95
5832,  0.95
5833,  0.96
5834,  0.94
5835,  0.95
5836,  0.95
5837,  0.94
5838,  0.96
5839,  0.95
5840,  0.94
5841,  0.94
5842,  0.94
5843,  0.94
5844,  0.93
5845,  0.95
5846,  0.95
5847,  0.96
5848,  0.95
5849,  0.94
5850,  0.95
5851,  0.96
5852,  0.95
5853,  0.95
5854,  0.94
5855,  0.94
5856,  0.95
5857,  0.95
5858,  0.96
5859,  0.96
5860,  0.95
5861,  0.95
5862,  0.95
5863,  0.95
5864,  0.95
5865,  0.95
5866,  0.95
5867,  0.95
5868,  0.94
5869,  0.95
5870,  0.95
5871,  0.96
5872,  0.96
5873,  0.96
5874,  0.96
5875,  0.95
5876,  0.95
5877,  0.95
5878,  0.95
5879,  0.94
5880,  0.95
5881,  0.95
5882,  0.96
5883,  0.96
5884,  0.96
5885,  0.96
5886,  0.96
5887,  0.95
5888,  0.95
5889,  0.95
5890,  0.94
5891,  0.95
5892,  0.95
5893,  0.95
5894,  0.96
5895,  0.96
5896,  0.96
5897,  0.96
5898,  0.95
5899,  0.95
5900,  0.96
5901,  0.96
5902,  0.96
5903,  0.96
5904,  0.95
5905,  0.95
5906,  0.95
5907,  0.96
5908,  0.95
5909,  0.95
5910,  0.96
5911,  0.95
5912,  0.95
5913,  0.96
5914,  0.96
5915,  0.96
5916,  0.96
5917,  0.97
5918,  0.96
5919,  0.95
5920,  0.96
5921,  0.96
5922,  0.96
5923,  0.96
5924,  0.96
5925,  0.96
5926,  0.95
5927,  0.96
5928,  0.96
5929,  0.96
5930,  0.95
5931,  0.96
5932,  0.97
5933,  0.96
5934,  0.98
5935,  0.90
5936,  0.90
5937,  0.93
5938,  0.95
5939,  0.95
5940,  0.96
5941,  0.96
5942,  0.96
5943,  0.95
5944,  0.95
5945,  0.95
5946,  0.95
5947,  0.96
5948,  0.96
5949,  0.95
5950,  0.96
5951,  0.97
5952,  0.97
5953,  0.97
5954,  0.96
5955,  0.97
5956,  0.96
5957,  0.96
5958,  0.95
5959,  0.96
5960,  0.92
5961,  0.95
5962,  0.96
5963,  0.97
5964,  0.96
5965,  0.94
5966,  0.95
5967,  0.95
5968,  0.95
5969,  0.95
5970,  0.96
5971,  0.96
5972,  0.94
5973,  0.95
5974,  0.97
5975,  0.97
5976,  0.96
5977,  0.95
5978,  0.96
5979,  0.95
5980,  0.95
5981,  0.95
5982,  0.97
5983,  0.96
5984,  0.96
5985,  0.96
5986,  0.95
5987,  0.95
5988,  0.96
5989,  0.95
5990,  0.94
5991,  0.95
5992,  0.96
5993,  0.96
5994,  0.94
5995,  0.96
5996,  0.95
5997,  0.95
5998,  0.95
5999,  0.96
6000,  0.96
6001,  0.97
6002,  0.96
6003,  0.96
6004,  0.96
6005,  0.96
6006,  0.96
6007,  0.97
6008,  0.96
6009,  0.95
6010,  0.97
6011,  0.96
6012,  0.97
6013,  0.96
6014,  0.96
6015,  0.96
6016,  0.97
6017,  0.97
6018,  0.96
6019,  0.96
6020,  0.96
6021,  0.95
6022,  0.98
6023,  0.97
6024,  0.96
6025,  0.96
6026,  0.96
6027,  0.97
6028,  0.96
6029,  0.97
6030,  0.94
6031,  0.92
6032,  0.95
6033,  0.95
6034,  0.94
6035,  0.95
6036,  0.97
6037,  0.97
6038,  0.96
6039,  0.96
6040,  0.96
6041,  0.96
6042,  0.96
6043,  0.97
6044,  0.97
6045,  0.96
6046,  0.96
6047,  0.96
6048,  0.96
6049,  0.95
6050,  0.96
6051,  0.96
6052,  0.96
6053,  0.96
6054,  0.95
6055,  0.96
6056,  0.97
6057,  1.00
6058,  0.98
6059,  0.98
6060,  0.97
6061,  0.97
6062,  0.97
6063,  0.97
6064,  0.97
6065,  0.97
6066,  0.97
6067,  0.97
6068,  0.97
6069,  0.97
6070,  0.97
6071,  0.97
6072,  0.97
6073,  0.97
6074,  0.96
6075,  0.97
6076,  0.93
6077,  0.94
6078,  0.94
6079,  0.96
6080,  0.96
6081,  0.95
6082,  0.97
6083,  0.97
6084,  0.97
6085,  0.97
6086,  0.98
6087,  0.97
6088,  0.96
6089,  0.95
6090,  0.97
6091,  0.97
6092,  0.96
6093,  0.96
6094,  0.98
6095,  0.96
6096,  0.96
6097,  0.96
6098,  0.96
6099,  0.96
6100,  0.97
6101,  0.95
6102,  0.96
6103,  0.97
6104,  0.97
6105,  0.95
6106,  0.97
6107,  0.97
6108,  0.97
6109,  0.97
6110,  0.97
6111,  0.97
6112,  0.85
6113,  0.85
6114,  1.00
6115,  0.99
6116,  0.98
6117,  0.99
6118,  0.98
6119,  0.97
6120,  0.97
6121,  0.96
6122,  0.96
6123,  0.96
6124,  0.96
6125,  0.97
6126,  0.97
6127,  0.97
6128,  0.97
6129,  0.97
6130,  0.97
6131,  0.96
6132,  0.97
6133,  0.96
6134,  0.97
6135,  0.97
6136,  0.97
6137,  0.97
6138,  0.97
6139,  0.98
6140,  0.97
6141,  0.97
6142,  0.97
6143,  0.97
6144,  0.97
6145,  0.98
6146,  0.96
6147,  0.97
6148,  0.98
6149,  0.98
6150,  0.98
6151,  0.97
6152,  0.97
6153,  0.97
6154,  0.97
6155,  0.97
6156,  0.97
6157,  0.98
6158,  0.97
6159,  0.97
6160,  0.97
6161,  0.98
6162,  0.97
6163,  0.97
6164,  0.96
6165,  0.97
6166,  0.97
6167,  0.97
6168,  0.97
6169,  0.96
6170,  0.97
6171,  0.96
6172,  0.97
6173,  0.97
6174,  0.97
6175,  0.97
6176,  0.96
6177,  0.97
6178,  0.97
6179,  0.96
6180,  0.97
6181,  0.97
6182,  0.97
6183,  0.96
6184,  0.97
6185,  0.97
6186,  0.97
6187,  0.97
6188,  0.97
6189,  0.97
6190,  0.97
6191,  0.97
6192,  0.96
6193,  0.97
6194,  0.97
6195,  0.97
6196,  0.97
6197,  0.97
6198,  0.97
6199,  0.97
6200,  0.97
6201,  0.97
6202,  0.97
6203,  0.97
6204,  0.97
6205,  0.97
6206,  0.97
6207,  0.98
6208,  0.97
6209,  0.97
6210,  0.97
6211,  0.97
6212,  0.98
6213,  0.97
6214,  0.97
6215,  0.98
6216,  0.98
6217,  0.97
6218,  0.97
6219,  0.97
6220,  0.97
6221,  0.97
6222,  0.97
6223,  0.97
6224,  0.97
6225,  0.98
6226,  0.98
6227,  0.98
6228,  0.98
6229,  0.97
6230,  0.98
6231,  0.98
6232,  0.98
6233,  0.98
6234,  0.98
6235,  0.98
6236,  0.97
6237,  0.98
6238,  0.98
6239,  0.98
6240,  0.98
6241,  0.98
6242,  0.98
6243,  0.97
6244,  0.98
6245,  0.98
6246,  0.98
6247,  0.98
6248,  0.99
6249,  0.98
6250,  0.98
6251,  0.97
6252,  0.98
6253,  0.98
6254,  0.98
6255,  0.98
6256,  0.97
6257,  0.98
6258,  0.98
6259,  0.99
6260,  0.98
6261,  0.98
6262,  0.98
6263,  0.97
6264,  0.98
6265,  0.98
6266,  0.98
6267,  0.98
6268,  0.98
6269,  0.99
6270,  0.98
6271,  0.98
6272,  0.99
6273,  0.98
6274,  0.98
6275,  0.99
6276,  0.98
6277,  0.98
6278,  0.98
6279,  0.98
6280,  0.78
6281,  0.06
6282,  0.05
6283,  0.08
6284,  0.34
6285,  0.82
6286,  0.94
6287,  0.92
6288,  0.94
6289,  0.95
6290,  0.91
6291,  0.94
6292,  0.87
6293,  0.93
6294,  0.87
6295,  0.91
6296,  0.85
6297,  0.87
6298,  0.84
6299,  0.91
6300,  0.90
6301,  0.91
6302,  0.81
6303,  0.87
6304,  0.52
6305,  0.76
6306,  0.80
6307,  0.91
6308,  0.88
6309,  0.89
6310,  0.93
6311,  0.89
6312,  0.85
6313,  0.85
6314,  0.72
6315,  0.97
6316,  0.89
6317,  0.88
6318,  0.93
6319,  0.88
6320,  0.83
6321,  0.80
6322,  0.80
6323,  0.61
6324,  0.74
6325,  0.91
6326,  0.75
6327,  0.33
6328,  0.14
6329,  0.13
6330,  0.16
6331,  0.15
6332,  0.68
6333,  0.84
6334,  0.90
6335,  0.89
6336,  0.62
6337,  0.80
6338,  0.90
6339,  0.93
6340,  0.99
6341,  0.99
6342,  0.99
6343,  0.50
6344,  0.73
6345,  0.84
6346,  0.71
6347,  0.84
6348,  0.88
6349,  0.78
6350,  0.83
6351,  0.80
6352,  0.71
6353,  0.74
6354,  0.87
6355,  0.86
6356,  0.76
6357,  0.80
6358,  0.83
6359,  0.92
6360,  0.79
6361,  0.65
6362,  0.80
6363,  0.87
6364,  0.78
6365,  0.87
6366,  0.83
6367,  0.57
6368,  0.29
6369,  0.15
6370,  0.35
6371,  0.53
6372,  0.81
6373,  0.90
6374,  0.97
6375,  0.73
6376,  0.53
6377,  0.22
6378,  0.62
6379,  0.85
6380,  0.72
6381,  0.72
6382,  0.69
6383,  0.93
6384,  0.96
6385,  0.93
6386,  0.95
6387,  0.95
6388,  0.93
6389,  0.95
6390,  0.95
6391,  0.95
6392,  0.98
6393,  0.89
6394,  0.86
6395,  0.95
6396,  0.86
6397,  0.93
6398,  0.85
6399,  0.90
6400,  0.86
6401,  0.97
6402,  0.98
6403,  0.90
6404,  0.85
6405,  0.87
6406,  0.87
6407,  0.70
6408,  0.76
6409,  0.86
6410,  0.73
6411,  0.80
6412,  0.79
6413,  0.82
6414,  0.83
6415,  0.89
6416,  0.90
6417,  0.95
6418,  0.96
6419,  0.96
6420,  0.95
6421,  0.95
6422,  0.93
6423,  0.93
6424,  0.96
6425,  0.94
6426,  0.93
6427,  0.96
6428,  0.96
6429,  0.96
6430,  0.96
6431,  0.97
6432,  0.96
6433,  0.96
6434,  0.97
6435,  0.73
6436,  0.57
6437,  0.74
6438,  0.59
6439,  0.66
6440,  0.36
6441,  0.34
6442,  0.29
6443,  0.11
6444,  0.02
6445,  0.00
6446,  0.00
6447,  0.61
6448,  0.65
6449,  0.89
6450,  0.88
6451,  0.94
6452,  0.98
6453,  0.99
6454,  0.99
6455,  0.99
6456,  0.83
6457,  0.87
6458,  0.70
6459,  0.77
6460,  0.60
6461,  0.07
6462,  0.23
6463,  0.59
6464,  0.95
6465,  0.96
6466,  0.96
6467,  0.99
6468,  0.99
6469,  0.99
6470,  0.97
6471,  0.95
6472,  0.86
6473,  0.41
6474,  0.59
6475,  0.46
6476,  0.73
6477,  0.88
6478,  0.86
6479,  0.93
6480,  0.96
6481,  0.84
6482,  0.95
6483,  0.97
6484,  0.80
6485,  0.92
6486,  0.82
6487,  0.68
6488,  0.70
6489,  0.90
6490,  0.78
6491,  0.94
6492,  0.95
6493,  0.96
6494,  0.95
6495,  0.90
6496,  0.73
6497,  0.99
6498,  0.63
6499,  0.70
6500,  0.43
6501,  0.54
6502,  0.66
6503,  0.94
6504,  0.99
6505,  0.99
6506,  0.93
6507,  0.99
6508,  0.98
6509,  1.00
6510,  0.98
6511,  0.95
6512,  0.93
6513,  0.86
6514,  0.83
6515,  0.98
6516,  0.99
6517,  0.99
6518,  0.77
6519,  0.92
6520,  0.90
6521,  0.94
6522,  0.98
6523,  0.97
6524,  0.96
6525,  0.98
6526,  0.96
6527,  0.98
6528,  0.98
6529,  0.94
6530,  0.89
6531,  0.90
6532,  0.95
6533,  0.99
6534,  0.99
6535,  0.68
6536,  0.88
6537,  0.65
6538,  0.72
6539,  0.54
6540,  0.42
6541,  0.47
6542,  0.47
6543,  0.75
6544,  0.73
6545,  0.83
6546,  0.87
6547,  0.72
6548,  0.63
6549,  0.74
6550,  0.93
6551,  0.98
6552,  0.99
6553,  0.99
6554,  0.99
6555,  0.99
6556,  1.00
6557,  0.99
6558,  0.99
6559,  0.99
6560,  0.98
6561,  0.86
6562,  0.96
6563,  0.97
6564,  0.96
6565,  0.97
6566,  0.98
6567,  0.99
6568,  0.96
6569,  0.98
6570,  0.98
6571,  0.98
6572,  0.95
6573,  0.98
6574,  0.89
6575,  0.99
6576,  0.98
6577,  0.97
6578,  0.96
6579,  0.98
6580,  0.88
6581,  0.95
6582,  0.97
6583,  0.92
6584,  0.99
6585,  1.00
6586,  1.00
6587,  0.99
6588,  0.98
6589,  0.99
6590,  0.96
6591,  0.95
6592,  0.91
6593,  0.97
6594,  0.98
6595,  0.95
6596,  0.91
6597,  0.97
6598,  1.00
6599,  0.99
6600,  0.93
6601,  0.89
6602,  0.90
6603,  0.99
6604,  0.99
6605,  0.99
6606,  0.99
6607,  1.00
6608,  1.00
6609,  0.99
6610,  0.98
6611,  0.99
6612,  0.98
6613,  0.98
6614,  0.99
6615,  0.89
6616,  0.97
6617,  0.97
6618,  0.98
6619,  0.98
6620,  0.99
6621,  0.98
6622,  0.98
6623,  0.99
6624,  1.00
6625,  0.98
6626,  0.97
6627,  0.99
6628,  0.99
6629,  0.99
6630,  0.99
6631,  0.99
6632,  0.99
6633,  1.00
6634,  0.99
6635,  0.99
6636,  0.99
6637,  0.99
6638,  1.00
6639,  0.99
6640,  0.99
6641,  0.99
6642,  1.00
6643,  1.00
6644,  0.99
6645,  1.00
6646,  0.99
6647,  1.00
6648,  0.61
6649,  0.08
6650,  0.28
6651,  0.95
6652,  0.93
6653,  0.96
6654,  0.94
6655,  0.66
6656,  0.83
6657,  0.92
6658,  0.94
6659,  0.93
6660,  0.88
6661,  0.90
6662,  0.91
6663,  0.98
6664,  0.73
6665,  0.19
6666,  0.13
6667,  0.12
6668,  0.17
6669,  0.32
6670,  0.71
6671,  0.90
6672,  0.94
6673,  0.66
6674,  0.86
6675,  0.30
6676,  0.00
6677,  0.01
6678,  0.03
6679,  0.32
6680,  0.66
6681,  0.80
6682,  0.50
6683,  0.08
6684,  0.35
6685,  0.41
6686,  0.63
6687,  0.74
6688,  0.56
6689,  0.42
6690,  0.81
6691,  0.39
6692,  0.62
6693,  0.35
6694,  0.63
6695,  0.70
6696,  0.77
6697,  0.32
6698,  0.03
6699,  0.20
6700,  0.31
6701,  0.20
6702,  0.08
6703,  0.20
6704,  0.32
6705,  0.39
6706,  0.57
6707,  0.87
6708,  0.83
6709,  0.90
6710,  0.77
6711,  0.83
6712,  0.73
6713,  0.85
6714,  0.90
6715,  0.94
6716,  0.95
6717,  0.95
6718,  0.90
6719,  0.76
6720,  0.54
6721,  0.52
6722,  0.51
6723,  0.50
6724,  0.56
6725,  0.73
6726,  0.91
6727,  0.92
6728,  0.95
6729,  0.95
6730,  0.93
6731,  0.97
6732,  0.97
6733,  0.99
6734,  0.98
6735,  0.94
6736,  0.98
6737,  0.98
6738,  0.97
6739,  0.99
6740,  1.00
6741,  0.98
6742,  1.00
6743,  0.99
6744,  0.98
6745,  1.00
6746,  0.99
6747,  1.00
6748,  0.99
6749,  1.00
6750,  0.99
6751,  1.00
6752,  0.99
6753,  0.99
6754,  1.00
6755,  0.99
6756,  0.99
6757,  0.99
6758,  0.99
6759,  0.98
6760,  1.00
6761,  0.99
6762,  0.99
6763,  0.97
6764,  0.98
6765,  0.99
6766,  1.00
6767,  1.00
6768,  1.00
6769,  1.00
6770,  1.00
6771,  1.00
6772,  1.00
6773,  1.00
6774,  0.99
6775,  1.00
6776,  1.00
6777,  1.00
6778,  1.00
6779,  0.98
6780,  0.99
6781,  1.00
6782,  1.00
6783,  1.00
6784,  1.00
6785,  1.00
6786,  1.00
6787,  1.00
6788,  1.00
6789,  1.00
6790,  1.00
6791,  1.00
6792,  0.96
6793,  0.98
6794,  0.99
6795,  1.00
6796,  1.00
6797,  1.00
6798,  1.00
6799,  1.00
6800,  1.00
6801,  1.00
6802,  1.00
6803,  1.00
6804,  1.00
6805,  1.00
6806,  1.00
6807,  0.99
6808,  1.00
6809,  0.99
6810,  1.00
6811,  0.99
6812,  0.93
6813,  0.99
6814,  0.99
6815,  0.99
6816,  0.99
6817,  0.98
6818,  0.98
6819,  0.97
6820,  0.99
6821,  0.99
6822,  0.99
6823,  0.99
6824,  1.00
6825,  0.99
6826,  0.97
6827,  0.97
6828,  0.98
6829,  0.97
6830,  0.99
6831,  0.98
6832,  0.98
6833,  0.98
6834,  0.98
6835,  0.95
6836,  0.45
6837,  0.71
6838,  0.79
6839,  0.91
6840,  0.89
6841,  0.87
6842,  0.89
6843,  0.92
6844,  0.86
6845,  0.61
6846,  0.50
6847,  0.81
6848,  0.89
6849,  0.76
6850,  0.50
6851,  0.54
6852,  0.01
6853,  0.12
6854,  0.54
6855,  0.56
6856,  0.48
6857,  0.44
6858,  0.59
6859,  0.67
6860,  0.67
6861,  0.57
6862,  0.19
6863,  0.07
6864,  0.12
6865,  0.21
6866,  0.45
6867,  0.28
6868,  0.05
6869,  0.04
6870,  0.03
6871,  0.16
6872,  0.29
6873,  0.46
6874,  0.31
6875,  0.24
6876,  0.17
6877,  0.05
6878,  0.40
6879,  0.51
6880,  0.21
6881,  0.05
6882,  0.09
6883,  0.30
6884,  0.19
6885,  0.18
6886,  0.19
6887,  0.33
6888,  0.54
6889,  0.57
6890,  0.64
6891,  0.39
6892,  0.96
6893,  1.00
6894,  0.98
6895,  0.84
6896,  0.91
6897,  0.93
6898,  0.93
6899,  0.95
6900,  0.94
6901,  0.97
6902,  0.99
6903,  0.99
6904,  0.98
6905,  0.98
6906,  0.98
6907,  0.98
6908,  0.99
6909,  0.98
6910,  0.99
6911,  1.00
6912,  1.00
6913,  0.99
6914,  0.99
6915,  0.99
6916,  0.99
6917,  0.69
6918,  0.47
6919,  0.95
6920,  0.95
6921,  0.98
6922,  0.99
6923,  0.99
6924,  1.00
6925,  0.99
6926,  0.99
6927,  0.99
6928,  0.99
6929,  0.97
6930,  0.99
6931,  0.96
6932,  0.98
6933,  0.99
6934,  0.99
6935,  0.98
6936,  0.98
6937,  0.98
6938,  0.99
6939,  0.99
6940,  0.99
6941,  0.98
6942,  0.98
6943,  0.97
6944,  0.97
6945,  0.98
6946,  0.95
6947,  0.95
6948,  0.92
6949,  0.92
6950,  0.96
6951,  0.96
6952,  0.96
6953,  0.95
6954,  0.96
6955,  0.93
6956,  0.99
6957,  0.91
6958,  0.92
6959,  0.94
6960,  0.96
6961,  0.92
6962,  0.94
6963,  0.94
6964,  0.92
6965,  0.95
6966,  0.94
6967,  0.01
6968,  0.05
6969,  0.13
6970,  0.51
6971,  0.85
6972,  0.94
6973,  0.99
6974,  0.98
6975,  0.97
6976,  0.92
6977,  0.90
6978,  0.89
6979,  0.86
6980,  0.89
6981,  0.92
6982,  0.99
6983,  0.99
6984,  0.99
6985,  0.99
6986,  0.91
6987,  0.92
6988,  0.89
6989,  0.37
6990,  0.05
6991,  0.03
6992,  0.56
6993,  0.63
6994,  0.74
6995,  0.94
6996,  0.98
6997,  0.98
6998,  0.88
6999,  0.95
7000,  1.00
7001,  0.99
7002,  0.98
7003,  0.80
7004,  0.75
7005,  0.92
7006,  0.83
7007,  0.35
7008,  0.89
7009,  0.93
7010,  0.92
7011,  0.80
7012,  0.73
7013,  0.73
7014,  0.97
7015,  0.99
7016,  1.00
7017,  0.99
7018,  0.99
7019,  0.97
7020,  0.99
7021,  0.98
7022,  0.99
7023,  0.99
7024,  0.93
7025,  0.97
7026,  0.83
7027,  0.89
7028,  0.97
7029,  0.95
7030,  0.94
7031,  0.99
7032,  1.00
7033,  0.99
7034,  0.98
7035,  0.97
7036,  0.95
7037,  0.98
7038,  0.99
7039,  0.98
7040,  0.94
7041,  0.93
7042,  0.99
7043,  0.94
7044,  0.97
7045,  0.98
7046,  1.00
7047,  0.99
7048,  0.87
7049,  0.94
7050,  0.62
7051,  0.99
7052,  0.98
7053,  0.65
7054,  0.66
7055,  0.63
7056,  0.95
7057,  0.89
7058,  0.95
7059,  0.94
7060,  0.84
7061,  0.79
7062,  0.90
7063,  0.90
7064,  0.88
7065,  0.91
7066,  0.84
7067,  0.88
7068,  0.87
7069,  0.84
7070,  0.99
7071,  0.99
7072,  0.97
7073,  0.97
7074,  0.99
7075,  0.92
7076,  0.97
7077,  0.96
7078,  0.96
7079,  0.78
7080,  0.82
7081,  0.89
7082,  0.87
7083,  0.86
7084,  0.88
7085,  0.91
7086,  0.89
7087,  0.88
7088,  0.97
7089,  0.98
7090,  0.97
7091,  0.89
7092,  0.73
7093,  0.72
7094,  0.36
7095,  0.29
7096,  0.57
7097,  0.76
7098,  0.72
7099,  0.64
7100,  0.79
7101,  0.91
7102,  0.91
7103,  0.37
7104,  0.31
7105,  0.26
7106,  0.37
7107,  0.69
7108,  0.48
7109,  0.30
7110,  0.32
7111,  0.61
7112,  0.94
7113,  0.86
7114,  0.96
7115,  0.95
7116,  0.81
7117,  0.95
7118,  0.90
7119,  0.97
7120,  0.81
7121,  0.37
7122,  0.49
7123,  0.34
7124,  0.10
7125,  0.08
7126,  0.39
7127,  0.47
7128,  0.05
7129,  0.00
7130,  0.00
7131,  0.00
7132,  0.05
7133,  0.00
7134,  0.08
7135,  0.30
7136,  0.24
7137,  0.44
7138,  0.49
7139,  0.54
7140,  0.15
7141,  0.05
7142,  0.16
7143,  0.10
7144,  0.29
7145,  0.68
7146,  0.83
7147,  0.70
7148,  0.56
7149,  0.06
7150,  0.00
7151,  0.00
7152,  0.00
7153,  0.00
7154,  0.02
7155,  0.09
7156,  0.24
7157,  0.64
7158,  0.71
7159,  0.83
7160,  0.83
7161,  0.47
7162,  0.42
7163,  0.44
7164,  0.46
7165,  0.66
7166,  0.87
7167,  0.88
7168,  0.86
7169,  0.88
7170,  0.84
7171,  0.78
7172,  0.84
7173,  0.89
7174,  0.91
7175,  0.92
7176,  0.93
7177,  0.95
7178,  0.96
7179,  0.94
7180,  0.95
7181,  0.95
7182,  0.95
7183,  0.97
7184,  0.96
7185,  0.95
7186,  0.95
7187,  0.97
7188,  0.96
7189,  0.92
7190,  0.94
7191,  0.92
7192,  0.84
7193,  0.44
7194,  0.40
7195,  0.21
7196,  0.21
7197,  0.14
7198,  0.26
7199,  0.26
7200,  0.19
7201,  0.04
7202,  0.00
7203,  0.07
7204,  0.01
7205,  0.01
7206,  0.03
7207,  0.05
7208,  0.09
7209,  0.50
7210,  0.62
7211,  0.60
7212,  0.27
7213,  0.21
7214,  0.31
7215,  0.40
7216,  0.51
7217,  0.58
7218,  0.47
7219,  0.69
7220,  0.96
7221,  0.96
7222,  0.98
7223,  0.91
7224,  0.72
7225,  0.81
7226,  0.75
7227,  0.90
7228,  1.00
7229,  0.97
7230,  0.97
7231,  0.98
7232,  0.94
7233,  0.84
7234,  0.78
7235,  0.91
7236,  0.94
7237,  0.91
7238,  0.82
7239,  0.65
7240,  0.96
7241,  0.96
7242,  0.93
7243,  0.95
7244,  0.97
7245,  0.94
7246,  0.91
7247,  0.88
7248,  0.63
7249,  0.61
7250,  0.57
7251,  0.84
7252,  0.54
7253,  0.56
7254,  0.68
7255,  0.85
7256,  0.90
7257,  0.96
7258,  0.98
7259,  0.98
7260,  0.99
7261,  0.95
7262,  0.95
7263,  0.96
7264,  0.96
7265,  0.72
7266,  0.81
7267,  0.48
7268,  0.38
7269,  0.50
7270,  0.78
7271,  0.86
7272,  0.92
7273,  0.92
7274,  0.86
7275,  0.90
7276,  0.94
7277,  0.97
7278,  0.91
7279,  0.88
7280,  0.81
7281,  0.74
7282,  0.31
7283,  0.53
7284,  0.75
7285,  0.81
7286,  0.83
7287,  0.81
7288,  0.83
7289,  0.36
7290,  0.07
7291,  0.08
7292,  0.07
7293,  0.15
7294,  0.63
7295,  0.71
7296,  0.82
7297,  0.96
7298,  0.86
7299,  0.66
7300,  0.61
7301,  0.42
7302,  0.78
7303,  0.80
7304,  0.74
7305,  0.82
7306,  0.85
7307,  0.91
7308,  0.89
7309,  0.82
7310,  0.81
7311,  0.84
7312,  0.87
7313,  0.88
7314,  0.93
7315,  0.94
7316,  0.94
7317,  0.92
7318,  0.92
7319,  0.92
7320,  0.92
7321,  0.94
7322,  0.95
7323,  0.93
7324,  0.88
7325,  0.88
7326,  0.88
7327,  0.90
7328,  0.94
7329,  0.93
7330,  0.89
7331,  0.89
7332,  0.90
7333,  0.86
7334,  0.91
7335,  0.89
7336,  0.86
7337,  0.89
7338,  0.93
7339,  0.93
7340,  0.91
7341,  0.93
7342,  0.98
7343,  0.98
7344,  0.99
7345,  0.98
7346,  0.97
7347,  0.98
7348,  0.98
7349,  0.99
7350,  0.97
7351,  0.97
7352,  0.97
7353,  0.89
7354,  0.96
7355,  0.93
7356,  0.92
7357,  0.99
7358,  0.83
7359,  0.87
7360,  0.97
7361,  0.96
7362,  0.99
7363,  0.99
7364,  0.99
7365,  0.97
7366,  0.99
7367,  0.98
7368,  0.96
7369,  0.91
7370,  0.85
7371,  0.84
7372,  0.89
7373,  0.94
7374,  0.89
7375,  0.91
7376,  0.90
7377,  0.89
7378,  0.90
7379,  0.99
7380,  0.99
7381,  0.98
7382,  0.98
7383,  0.94
7384,  0.99
7385,  1.00
7386,  0.99
7387,  0.99
7388,  0.97
7389,  0.97
7390,  0.99
7391,  0.98
7392,  0.98
7393,  0.99
7394,  0.95
7395,  1.00
7396,  1.00
7397,  1.00
7398,  0.95
7399,  0.87
7400,  0.72
7401,  0.87
7402,  0.72
7403,  0.80
7404,  0.98
7405,  0.99
7406,  0.98
7407,  0.99
7408,  0.96
7409,  0.75
7410,  0.93
7411,  0.98
7412,  1.00
7413,  1.00
7414,  1.00
7415,  1.00
7416,  0.99
7417,  0.99
7418,  0.99
7419,  1.00
7420,  1.00
7421,  1.00
7422,  1.00
7423,  1.00
7424,  1.00
7425,  1.00
7426,  0.99
7427,  1.00
7428,  1.00
7429,  1.00
7430,  1.00
7431,  0.99
7432,  1.00
7433,  1.00
7434,  1.00
7435,  1.00
7436,  1.00
7437,  0.99
7438,  0.94
7439,  0.87
7440,  0.91
7441,  0.98
7442,  0.95
7443,  0.92
7444,  0.92
7445,  0.91
7446,  0.93
7447,  0.89
7448,  0.92
7449,  0.95
7450,  0.97
7451,  0.90
7452,  0.85
7453,  0.90
7454,  0.95
7455,  0.89
7456,  0.88
7457,  0.91
7458,  0.87
7459,  0.94
7460,  0.88
7461,  0.89
7462,  0.90
7463,  0.91
7464,  0.83
7465,  0.92
7466,  0.91
7467,  0.90
7468,  0.93
7469,  0.91
7470,  0.93
7471,  0.90
7472,  0.96
7473,  0.88
7474,  0.94
7475,  0.94
7476,  0.93
7477,  0.92
7478,  0.89
7479,  0.95
7480,  0.77
7481,  0.99
7482,  0.99
7483,  0.98
7484,  0.74
7485,  0.61
7486,  0.24
7487,  0.28
7488,  0.67
7489,  0.82
7490,  0.87
7491,  0.91
7492,  0.92
7493,  0.91
7494,  0.92
7495,  0.91
7496,  0.91
7497,  0.93
7498,  0.95
7499,  0.94
7500,  0.95
7501,  0.94
7502,  0.96
7503,  0.98
7504,  0.96
7505,  0.93
7506,  0.93
7507,  0.95
7508,  0.96
7509,  0.92
7510,  0.94
7511,  0.93
7512,  0.90
7513,  0.93
7514,  0.94
7515,  0.91
7516,  0.93
7517,  0.93
7518,  0.95
7519,  0.95
7520,  0.93
7521,  0.94
7522,  0.94
7523,  0.95
7524,  0.96
7525,  0.93
7526,  0.91
7527,  0.94
7528,  0.95
7529,  0.97
7530,  0.97
7531,  0.93
7532,  0.94
7533,  0.96
7534,  0.91
7535,  0.92
7536,  0.90
7537,  0.97
7538,  0.96
7539,  0.94
7540,  0.94
7541,  0.93
7542,  0.92
7543,  0.92
7544,  0.92
7545,  0.94
7546,  0.94
7547,  0.91
7548,  0.94
7549,  0.94
7550,  0.94
7551,  0.94
7552,  0.92
7553,  0.91
7554,  0.95
7555,  0.94
7556,  0.95
7557,  0.92
7558,  0.95
7559,  0.94
7560,  0.92
7561,  0.94
7562,  0.92
7563,  0.94
7564,  0.95
7565,  0.93
7566,  0.95
7567,  0.96
7568,  0.97
7569,  0.96
7570,  0.93
7571,  0.94
7572,  0.94
7573,  0.96
7574,  0.93
7575,  0.91
7576,  0.92
7577,  0.92
7578,  0.94
7579,  0.93
7580,  0.91
7581,  0.94
7582,  0.93
7583,  0.93
7584,  0.92
7585,  0.91
7586,  0.93
7587,  0.94
7588,  0.93
7589,  0.95
7590,  0.93
7591,  0.94
7592,  0.96
7593,  0.94
7594,  0.94
7595,  0.92
7596,  0.95
7597,  0.94
7598,  0.94
7599,  0.92
7600,  0.92
7601,  0.95
7602,  0.95
7603,  0.94
7604,  0.92
7605,  0.96
7606,  0.95
7607,  0.94
7608,  0.97
7609,  0.93
7610,  0.93
7611,  0.98
7612,  0.93
7613,  0.92
7614,  0.87
7615,  0.95
7616,  0.97
7617,  0.95
7618,  0.90
7619,  0.92
7620,  0.98
7621,  0.99
7622,  0.98
7623,  0.97
7624,  0.96
7625,  0.97
7626,  0.95
7627,  0.95
7628,  0.94
7629,  1.00
7630,  0.99
7631,  1.00
7632,  1.00
7633,  0.99
7634,  0.99
7635,  0.92
7636,  0.98
7637,  0.99
7638,  0.98
7639,  0.94
7640,  0.94
7641,  0.97
7642,  0.89
7643,  0.95
7644,  1.00
7645,  0.99
7646,  1.00
7647,  1.00
7648,  1.00
7649,  1.00
7650,  0.96
7651,  1.00
7652,  1.00
7653,  1.00
7654,  1.00
7655,  0.95
7656,  0.94
7657,  0.92
7658,  0.52
7659,  0.70
7660,  0.87
7661,  0.62
7662,  0.96
7663,  0.46
7664,  0.46
7665,  0.91
7666,  0.94
7667,  0.98
7668,  0.95
7669,  0.96
7670,  0.90
7671,  0.94
7672,  0.95
7673,  0.94
7674,  0.93
7675,  0.93
7676,  0.88
7677,  0.94
7678,  0.92
7679,  0.91
7680,  0.90
7681,  0.92
7682,  0.90
7683,  0.92
7684,  0.92
7685,  0.90
7686,  0.93
7687,  0.88
7688,  0.93
7689,  0.92
7690,  0.93
7691,  0.92
7692,  0.88
7693,  0.91
7694,  0.91
7695,  0.91
7696,  0.91
7697,  0.90
7698,  0.93
7699,  0.89
7700,  0.86
7701,  0.91
7702,  0.93
7703,  0.92
7704,  0.92
7705,  0.92
7706,  0.86
7707,  0.91
7708,  0.91
7709,  0.92
7710,  0.94
7711,  0.89
7712,  0.92
7713,  0.92
7714,  0.65
7715,  0.83
7716,  0.90
7717,  0.93
7718,  0.92
7719,  0.91
7720,  0.93
7721,  0.92
7722,  0.91
7723,  0.89
7724,  0.96
7725,  0.95
7726,  0.92
7727,  0.96
7728,  0.93
7729,  0.88
7730,  0.94
7731,  0.95
7732,  0.90
7733,  0.87
7734,  0.87
7735,  0.91
7736,  0.92
7737,  0.88
7738,  0.93
7739,  0.94
7740,  0.94
7741,  0.93
7742,  0.97
7743,  0.98
7744,  0.93
7745,  0.95
7746,  0.94
7747,  0.92
7748,  0.93
7749,  0.90
7750,  0.88
7751,  0.95
7752,  0.95
