1,  0.10
2,  0.10
3,  0.11
4,  0.11
5,  0.11
6,  0.10
7,  0.10
8,  0.11
9,  0.12
10,  0.14
11,  0.12
12,  0.12
13,  0.12
14,  0.13
15,  0.12
16,  0.16
17,  0.13
18,  0.17
19,  0.14
20,  0.18
21,  0.20
22,  0.22
23,  0.23
24,  0.22
25,  0.34
26,  0.28
27,  0.06
28,  0.05
29,  0.04
30,  0.04
31,  0.11
32,  0.02
33,  0.07
34,  0.04
35,  0.04
36,  0.05
37,  0.05
38,  0.04
39,  0.08
40,  0.03
41,  0.05
42,  0.44
43,  0.53
44,  0.11
45,  0.07
46,  0.02
47,  0.03
48,  0.04
49,  0.04
50,  0.02
51,  0.02
52,  0.02
53,  0.02
54,  0.02
55,  0.02
56,  0.05
57,  0.02
58,  0.03
59,  0.03
60,  0.03
61,  0.01
62,  0.02
63,  0.02
64,  0.03
65,  0.02
66,  0.02
67,  0.03
68,  0.02
69,  0.01
70,  0.01
71,  0.00
72,  0.01
73,  0.00
74,  0.01
75,  0.01
76,  0.01
77,  0.01
78,  0.00
79,  0.01
80,  0.01
81,  0.00
82,  0.01
83,  0.00
84,  0.00
85,  0.00
86,  0.00
87,  0.00
88,  0.00
89,  0.02
90,  0.00
91,  0.00
92,  0.01
93,  0.00
94,  0.00
95,  0.00
96,  0.12
97,  0.01
98,  0.00
99,  0.08
100,  0.02
101,  0.00
102,  0.00
103,  0.03
104,  0.00
105,  0.01
106,  0.00
107,  0.01
108,  0.01
109,  0.01
110,  0.01
111,  0.00
112,  0.00
113,  0.00
114,  0.00
115,  0.25
116,  0.40
117,  0.46
118,  0.37
119,  0.37
120,  0.42
121,  0.41
122,  0.43
123,  0.37
124,  0.49
125,  0.55
126,  0.63
127,  0.72
128,  0.73
129,  0.74
130,  0.87
131,  0.96
132,  0.94
133,  0.80
134,  0.90
135,  0.88
136,  0.54
137,  0.47
138,  0.04
139,  0.03
140,  0.01
141,  0.00
142,  0.00
143,  0.00
144,  0.00
145,  0.00
146,  0.00
147,  0.01
148,  0.00
149,  0.00
150,  0.01
151,  0.01
152,  0.00
153,  0.00
154,  0.00
155,  0.00
156,  0.01
157,  0.01
158,  0.00
159,  0.01
160,  0.01
161,  0.01
162,  0.01
163,  0.01
164,  0.00
165,  0.00
166,  0.01
167,  0.00
168,  0.00
169,  0.00
170,  0.01
171,  0.00
172,  0.00
173,  0.00
174,  0.00
175,  0.00
176,  0.00
177,  0.01
178,  0.00
179,  0.01
180,  0.14
181,  0.02
182,  0.00
183,  0.00
184,  0.00
185,  0.00
186,  0.00
187,  0.00
188,  0.00
189,  0.00
190,  0.00
191,  0.00
192,  0.13
193,  0.27
194,  0.22
195,  0.10
196,  0.06
197,  0.01
198,  0.00
199,  0.00
200,  0.00
201,  0.00
202,  0.00
203,  0.00
204,  0.00
205,  0.01
206,  0.01
207,  0.00
208,  0.01
209,  0.00
210,  0.00
211,  0.00
212,  0.01
213,  0.01
214,  0.00
215,  0.00
216,  0.00
217,  0.00
218,  0.00
219,  0.00
220,  0.00
221,  0.00
222,  0.01
223,  0.01
224,  0.22
225,  0.07
226,  0.03
227,  0.10
228,  0.08
229,  0.05
230,  0.03
231,  0.01
232,  0.01
233,  0.01
234,  0.03
235,  0.01
236,  0.01
237,  0.01
238,  0.00
239,  0.00
240,  0.00
241,  0.00
242,  0.00
243,  0.00
244,  0.00
245,  0.00
246,  0.00
247,  0.00
248,  0.00
249,  0.01
250,  0.05
251,  0.01
252,  0.00
253,  0.00
254,  0.00
255,  0.00
256,  0.00
257,  0.00
258,  0.00
259,  0.00
260,  0.00
261,  0.01
262,  0.00
263,  0.00
264,  0.01
265,  0.00
266,  0.00
267,  0.00
268,  0.00
269,  0.00
270,  0.00
271,  0.00
272,  0.00
273,  0.00
274,  0.00
275,  0.00
276,  0.00
277,  0.00
278,  0.00
279,  0.00
280,  0.01
281,  0.00
282,  0.00
283,  0.01
284,  0.01
285,  0.01
286,  0.01
287,  0.01
288,  0.01
289,  0.01
290,  0.01
291,  0.00
292,  0.00
293,  0.00
294,  0.00
295,  0.01
296,  0.00
297,  0.00
298,  0.01
299,  0.01
300,  0.01
301,  0.01
302,  0.00
303,  0.01
304,  0.01
305,  0.01
306,  0.01
307,  0.01
308,  0.00
309,  0.01
310,  0.01
311,  0.02
312,  0.02
313,  0.00
314,  0.00
315,  0.01
316,  0.00
317,  0.00
318,  0.00
319,  0.00
320,  0.01
321,  0.01
322,  0.01
323,  0.01
324,  0.02
325,  0.01
326,  0.02
327,  0.01
328,  0.02
329,  0.02
330,  0.02
331,  0.01
332,  0.01
333,  0.01
334,  0.02
335,  0.02
336,  0.01
337,  0.02
338,  0.01
339,  0.01
340,  0.01
341,  0.01
342,  0.01
343,  0.01
344,  0.02
345,  0.01
346,  0.02
347,  0.02
348,  0.02
349,  0.02
350,  0.02
351,  0.01
352,  0.02
353,  0.02
354,  0.03
355,  0.02
356,  0.01
357,  0.04
358,  0.00
359,  0.00
360,  0.01
361,  0.01
362,  0.01
363,  0.02
364,  0.01
365,  0.01
366,  0.03
367,  0.01
368,  0.01
369,  0.01
370,  0.01
371,  0.01
372,  0.01
373,  0.02
374,  0.01
375,  0.02
376,  0.01
377,  0.01
378,  0.02
379,  0.01
380,  0.01
381,  0.02
382,  0.01
383,  0.01
384,  0.01
385,  0.02
386,  0.03
387,  0.02
388,  0.01
389,  0.01
390,  0.01
391,  0.00
392,  0.01
393,  0.01
394,  0.01
395,  0.02
396,  0.01
397,  0.00
398,  0.00
399,  0.00
400,  0.00
401,  0.00
402,  0.00
403,  0.01
404,  0.01
405,  0.01
406,  0.49
407,  0.47
408,  0.01
409,  0.01
410,  0.01
411,  0.02
412,  0.02
413,  0.01
414,  0.01
415,  0.02
416,  0.01
417,  0.03
418,  0.08
419,  0.14
420,  0.23
421,  0.37
422,  0.62
423,  0.51
424,  0.19
425,  0.80
426,  0.06
427,  0.60
428,  0.04
429,  0.02
430,  0.00
431,  0.11
432,  0.40
433,  0.94
434,  0.21
435,  0.01
436,  0.22
437,  0.54
438,  0.67
439,  0.92
440,  0.49
441,  0.41
442,  0.71
443,  0.71
444,  0.39
445,  0.54
446,  0.12
447,  0.06
448,  0.39
449,  0.92
450,  0.96
451,  0.90
452,  0.06
453,  0.04
454,  0.39
455,  0.92
456,  0.87
457,  0.01
458,  0.22
459,  0.83
460,  0.08
461,  0.41
462,  0.89
463,  0.12
464,  0.26
465,  0.88
466,  0.95
467,  0.98
468,  1.00
469,  1.00
470,  0.99
471,  0.99
472,  0.99
473,  0.84
474,  0.12
475,  0.24
476,  0.39
477,  0.37
478,  0.51
479,  0.88
480,  0.97
481,  0.88
482,  0.45
483,  0.84
484,  0.77
485,  0.88
486,  0.79
487,  0.42
488,  0.73
489,  0.85
490,  0.73
491,  0.77
492,  0.89
493,  0.87
494,  0.82
495,  0.74
496,  0.85
497,  0.81
498,  0.88
499,  0.92
500,  0.94
501,  0.96
502,  0.91
503,  0.64
504,  0.66
505,  0.47
506,  0.78
507,  0.91
508,  0.92
509,  0.90
510,  0.94
511,  0.93
512,  0.93
513,  0.97
514,  0.95
515,  0.86
516,  0.87
517,  0.90
518,  0.87
519,  0.88
520,  0.93
521,  0.88
522,  0.84
523,  0.86
524,  0.70
525,  0.80
526,  0.79
527,  0.73
528,  0.68
529,  0.72
530,  0.75
531,  0.77
532,  0.60
533,  0.47
534,  0.51
535,  0.56
536,  0.55
537,  0.46
538,  0.47
539,  0.45
540,  0.36
541,  0.40
542,  0.53
543,  0.78
544,  0.84
545,  0.79
546,  0.68
547,  0.68
548,  0.74
549,  0.76
550,  0.72
551,  0.70
552,  0.66
553,  0.63
554,  0.14
555,  0.25
556,  0.56
557,  0.70
558,  0.68
559,  0.72
560,  0.71
561,  0.69
562,  0.69
563,  0.65
564,  0.66
565,  0.57
566,  0.65
567,  0.60
568,  0.70
569,  0.75
570,  0.73
571,  0.67
572,  0.68
573,  0.74
574,  0.70
575,  0.73
576,  0.77
577,  0.55
578,  0.07
579,  0.11
580,  0.38
581,  0.42
582,  0.57
583,  0.71
584,  0.64
585,  0.81
586,  0.72
587,  0.83
588,  0.81
589,  0.84
590,  0.82
591,  0.84
592,  0.84
593,  0.85
594,  0.85
595,  0.06
596,  0.02
597,  0.00
598,  0.00
599,  0.18
600,  0.77
601,  0.83
602,  0.84
603,  0.85
604,  0.80
605,  0.67
606,  0.75
607,  0.70
608,  0.79
609,  0.73
610,  0.63
611,  0.78
612,  0.78
613,  0.31
614,  0.13
615,  0.46
616,  0.71
617,  0.45
618,  0.71
619,  0.92
620,  0.65
621,  0.70
622,  0.80
623,  0.78
624,  0.80
625,  0.56
626,  0.84
627,  0.69
628,  0.85
629,  0.90
630,  0.88
631,  0.85
632,  0.84
633,  0.90
634,  0.92
635,  0.80
636,  0.93
637,  0.93
638,  0.94
639,  0.96
640,  0.93
641,  0.94
642,  0.91
643,  0.92
644,  0.95
645,  0.95
646,  0.80
647,  0.95
648,  0.96
649,  0.95
650,  0.95
651,  0.94
652,  0.95
653,  0.94
654,  0.94
655,  0.94
656,  0.89
657,  0.85
658,  0.94
659,  0.86
660,  0.92
661,  0.94
662,  0.93
663,  0.95
664,  0.95
665,  0.94
666,  0.95
667,  0.95
668,  0.96
669,  0.78
670,  0.93
671,  0.99
672,  0.99
673,  0.99
674,  0.48
675,  0.03
676,  0.03
677,  0.40
678,  0.52
679,  0.57
680,  0.74
681,  0.86
682,  0.89
683,  0.59
684,  0.43
685,  0.44
686,  0.33
687,  0.30
688,  0.38
689,  0.52
690,  0.77
691,  0.81
692,  0.81
693,  0.91
694,  0.93
695,  0.96
696,  0.94
697,  0.96
698,  0.95
699,  0.95
700,  0.94
701,  0.80
702,  0.56
703,  0.86
704,  0.84
705,  0.23
706,  0.47
707,  0.78
708,  0.69
709,  0.64
710,  0.78
711,  0.70
712,  0.43
713,  0.73
714,  0.94
715,  0.95
716,  0.94
717,  0.95
718,  0.95
719,  0.96
720,  0.87
721,  0.97
722,  0.96
723,  0.95
724,  0.95
725,  0.80
726,  0.61
727,  0.48
728,  0.54
729,  0.23
730,  0.14
731,  0.35
732,  0.59
733,  0.70
734,  0.74
735,  0.45
736,  0.63
737,  0.96
738,  0.96
739,  0.97
740,  0.88
741,  0.96
742,  0.93
743,  0.89
744,  0.94
745,  0.89
746,  0.61
747,  0.74
748,  0.95
749,  0.96
750,  0.62
751,  0.87
752,  0.97
753,  0.95
754,  0.76
755,  0.95
756,  0.93
757,  0.86
758,  0.81
759,  0.64
760,  0.50
761,  0.42
762,  0.35
763,  0.38
764,  0.34
765,  0.32
766,  0.49
767,  0.48
768,  0.49
769,  0.41
770,  0.41
771,  0.44
772,  0.48
773,  0.40
774,  0.46
775,  0.53
776,  0.54
777,  0.55
778,  0.49
779,  0.24
780,  0.15
781,  0.14
782,  0.19
783,  0.14
784,  0.12
785,  0.13
786,  0.11
787,  0.18
788,  0.18
789,  0.04
790,  0.05
791,  0.21
792,  0.59
793,  0.61
794,  0.65
795,  0.57
796,  0.79
797,  0.72
798,  0.62
799,  0.53
800,  0.45
801,  0.41
802,  0.23
803,  0.09
804,  0.04
805,  0.07
806,  0.03
807,  0.02
808,  0.02
809,  0.03
810,  0.03
811,  0.02
812,  0.02
813,  0.02
814,  0.09
815,  0.04
816,  0.05
817,  0.09
818,  0.03
819,  0.05
820,  0.05
821,  0.05
822,  0.07
823,  0.07
824,  0.06
825,  0.11
826,  0.15
827,  0.18
828,  0.16
829,  0.09
830,  0.15
831,  0.15
832,  0.22
833,  0.16
834,  0.18
835,  0.17
836,  0.13
837,  0.31
838,  0.36
839,  0.37
840,  0.57
841,  0.26
842,  0.24
843,  0.24
844,  0.29
845,  0.32
846,  0.34
847,  0.34
848,  0.39
849,  0.47
850,  0.33
851,  0.06
852,  0.00
853,  0.01
854,  0.10
855,  0.18
856,  0.25
857,  0.24
858,  0.30
859,  0.29
860,  0.32
861,  0.31
862,  0.36
863,  0.35
864,  0.36
865,  0.34
866,  0.35
867,  0.33
868,  0.27
869,  0.28
870,  0.35
871,  0.33
872,  0.38
873,  0.33
874,  0.33
875,  0.32
876,  0.35
877,  0.34
878,  0.30
879,  0.36
880,  0.31
881,  0.30
882,  0.33
883,  0.27
884,  0.31
885,  0.32
886,  0.34
887,  0.29
888,  0.33
889,  0.32
890,  0.28
891,  0.26
892,  0.31
893,  0.32
894,  0.28
895,  0.30
896,  0.33
897,  0.33
898,  0.32
899,  0.29
900,  0.31
901,  0.29
902,  0.34
903,  0.29
904,  0.28
905,  0.29
906,  0.29
907,  0.25
908,  0.31
909,  0.29
910,  0.29
911,  0.29
912,  0.30
913,  0.29
914,  0.27
915,  0.26
916,  0.25
917,  0.25
918,  0.24
919,  0.30
920,  0.72
921,  0.66
922,  0.47
923,  0.66
924,  0.63
925,  0.64
926,  0.63
927,  0.69
928,  0.77
929,  0.78
930,  0.76
931,  0.69
932,  0.66
933,  0.40
934,  0.56
935,  0.34
936,  0.50
937,  0.72
938,  0.78
939,  0.80
940,  0.76
941,  0.82
942,  0.75
943,  0.75
944,  0.41
945,  0.30
946,  0.03
947,  0.11
948,  0.37
949,  0.42
950,  0.72
951,  0.61
952,  0.29
953,  0.38
954,  0.45
955,  0.47
956,  0.44
957,  0.28
958,  0.35
959,  0.36
960,  0.34
961,  0.24
962,  0.39
963,  0.27
964,  0.22
965,  0.30
966,  0.25
967,  0.23
968,  0.30
969,  0.30
970,  0.26
971,  0.22
972,  0.27
973,  0.26
974,  0.28
975,  0.28
976,  0.31
977,  0.27
978,  0.27
979,  0.24
980,  0.29
981,  0.31
982,  0.26
983,  0.28
984,  0.27
985,  0.28
986,  0.30
987,  0.26
988,  0.30
989,  0.29
990,  0.31
991,  0.31
992,  0.39
993,  0.32
994,  0.31
995,  0.27
996,  0.22
997,  0.23
998,  0.26
999,  0.26
1000,  0.24
1001,  0.26
1002,  0.26
1003,  0.23
1004,  0.35
1005,  0.31
1006,  0.34
1007,  0.27
1008,  0.32
1009,  0.27
1010,  0.30
1011,  0.29
1012,  0.29
1013,  0.28
1014,  0.31
1015,  0.25
1016,  0.24
1017,  0.27
1018,  0.26
1019,  0.25
1020,  0.38
1021,  0.27
1022,  0.26
1023,  0.28
1024,  0.32
1025,  0.28
1026,  0.24
1027,  0.25
1028,  0.27
1029,  0.26
1030,  0.27
1031,  0.28
1032,  0.26
1033,  0.26
1034,  0.26
1035,  0.25
1036,  0.27
1037,  0.33
1038,  0.72
1039,  0.75
1040,  0.76
1041,  0.38
1042,  0.49
1043,  0.17
1044,  0.25
1045,  0.31
1046,  0.24
1047,  0.24
1048,  0.23
1049,  0.23
1050,  0.23
1051,  0.25
1052,  0.23
1053,  0.29
1054,  0.75
1055,  0.62
1056,  0.56
1057,  0.18
1058,  0.09
1059,  0.46
1060,  0.67
1061,  0.63
1062,  0.67
1063,  0.59
1064,  0.47
1065,  0.40
1066,  0.34
1067,  0.41
1068,  0.38
1069,  0.26
1070,  0.35
1071,  0.41
1072,  0.46
1073,  0.52
1074,  0.59
1075,  0.78
1076,  0.53
1077,  0.40
1078,  0.31
1079,  0.63
1080,  0.48
1081,  0.42
1082,  0.16
1083,  0.24
1084,  0.25
1085,  0.23
1086,  0.25
1087,  0.25
1088,  0.24
1089,  0.27
1090,  0.26
1091,  0.29
1092,  0.28
1093,  0.28
1094,  0.29
1095,  0.28
1096,  0.31
1097,  0.31
1098,  0.26
1099,  0.29
1100,  0.25
1101,  0.27
1102,  0.28
1103,  0.28
1104,  0.28
1105,  0.26
1106,  0.31
1107,  0.25
1108,  0.24
1109,  0.27
1110,  0.28
1111,  0.26
1112,  0.27
1113,  0.30
1114,  0.27
1115,  0.20
1116,  0.25
1117,  0.42
1118,  0.39
1119,  0.14
1120,  0.19
1121,  0.29
1122,  0.29
1123,  0.31
1124,  0.31
1125,  0.30
1126,  0.27
1127,  0.32
1128,  0.28
1129,  0.30
1130,  0.32
1131,  0.31
1132,  0.30
1133,  0.29
1134,  0.29
1135,  0.28
1136,  0.22
1137,  0.41
1138,  0.27
1139,  0.20
1140,  0.26
1141,  0.30
1142,  0.29
1143,  0.23
1144,  0.28
1145,  0.27
1146,  0.28
1147,  0.28
1148,  0.31
1149,  0.27
1150,  0.26
1151,  0.33
1152,  0.27
1153,  0.27
1154,  0.23
1155,  0.32
1156,  0.27
1157,  0.26
1158,  0.24
1159,  0.32
1160,  0.23
1161,  0.23
1162,  0.23
1163,  0.26
1164,  0.28
1165,  0.26
1166,  0.29
1167,  0.45
1168,  0.36
1169,  0.24
1170,  0.25
1171,  0.29
1172,  0.39
1173,  0.42
1174,  0.38
1175,  0.41
1176,  0.18
1177,  0.21
1178,  0.23
1179,  0.26
1180,  0.27
1181,  0.29
1182,  0.25
1183,  0.26
1184,  0.32
1185,  0.26
1186,  0.27
1187,  0.26
1188,  0.26
1189,  0.27
1190,  0.35
1191,  0.28
1192,  0.23
1193,  0.29
1194,  0.28
1195,  0.26
1196,  0.33
1197,  0.25
1198,  0.23
1199,  0.28
1200,  0.28
1201,  0.32
1202,  0.27
1203,  0.26
1204,  0.32
1205,  0.33
1206,  0.29
1207,  0.28
1208,  0.32
1209,  0.35
1210,  0.19
1211,  0.10
1212,  0.01
1213,  0.00
1214,  0.09
1215,  0.24
1216,  0.26
1217,  0.25
1218,  0.25
1219,  0.28
1220,  0.28
1221,  0.27
1222,  0.28
1223,  0.28
1224,  0.26
1225,  0.29
1226,  0.01
1227,  0.05
1228,  0.48
1229,  0.52
1230,  0.57
1231,  0.77
1232,  0.73
1233,  0.68
1234,  0.61
1235,  0.61
1236,  0.04
1237,  0.00
1238,  0.01
1239,  0.01
1240,  0.04
1241,  0.41
1242,  0.59
1243,  0.45
1244,  0.45
1245,  0.57
1246,  0.70
1247,  0.58
1248,  0.64
1249,  0.58
1250,  0.72
1251,  0.57
1252,  0.44
1253,  0.69
1254,  0.65
1255,  0.31
1256,  0.24
1257,  0.33
1258,  0.33
1259,  0.46
1260,  0.39
1261,  0.32
1262,  0.38
1263,  0.43
1264,  0.37
1265,  0.39
1266,  0.40
1267,  0.41
1268,  0.38
1269,  0.41
1270,  0.39
1271,  0.38
1272,  0.39
1273,  0.39
1274,  0.39
1275,  0.42
1276,  0.39
1277,  0.40
1278,  0.29
1279,  0.27
1280,  0.24
1281,  0.23
1282,  0.32
1283,  0.39
1284,  0.20
1285,  0.57
1286,  0.55
1287,  0.31
1288,  0.37
1289,  0.56
1290,  0.57
1291,  0.62
1292,  0.77
1293,  0.60
1294,  0.51
1295,  0.43
1296,  0.43
1297,  0.66
1298,  0.36
1299,  0.31
1300,  0.41
1301,  0.21
1302,  0.00
1303,  0.00
1304,  0.00
1305,  0.00
1306,  0.00
1307,  0.00
1308,  0.00
1309,  0.00
1310,  0.00
1311,  0.00
1312,  0.00
1313,  0.00
1314,  0.00
1315,  0.00
1316,  0.00
1317,  0.00
1318,  0.00
1319,  0.00
1320,  0.00
1321,  0.00
1322,  0.00
1323,  0.00
1324,  0.00
1325,  0.00
1326,  0.00
1327,  0.00
1328,  0.00
1329,  0.00
1330,  0.00
1331,  0.27
1332,  0.27
1333,  0.28
1334,  0.23
1335,  0.36
1336,  0.52
1337,  0.46
1338,  0.44
1339,  0.67
1340,  0.42
1341,  0.56
1342,  0.71
1343,  0.64
1344,  0.71
1345,  0.73
1346,  0.78
1347,  0.79
1348,  0.85
1349,  0.93
1350,  0.90
1351,  0.88
1352,  0.91
1353,  0.92
1354,  0.92
1355,  0.93
1356,  0.94
1357,  0.95
1358,  0.89
1359,  0.75
1360,  0.00
1361,  0.00
1362,  0.00
1363,  0.00
1364,  0.00
1365,  0.00
1366,  0.00
1367,  0.00
1368,  0.00
1369,  0.00
1370,  0.00
1371,  0.00
1372,  0.00
1373,  0.00
1374,  0.00
1375,  0.00
1376,  0.00
1377,  0.00
1378,  0.00
1379,  0.00
1380,  0.00
1381,  0.00
1382,  0.00
1383,  0.00
1384,  0.00
1385,  0.00
1386,  0.00
1387,  0.00
1388,  0.00
1389,  0.00
1390,  0.00
1391,  0.00
1392,  0.00
1393,  0.00
1394,  0.00
1395,  0.00
1396,  0.00
1397,  0.00
1398,  0.00
1399,  0.00
1400,  0.00
1401,  0.00
1402,  0.00
1403,  0.00
1404,  0.00
1405,  0.00
1406,  0.00
1407,  0.00
1408,  0.00
1409,  0.00
1410,  0.00
1411,  0.00
1412,  0.00
1413,  0.00
1414,  0.00
1415,  0.00
1416,  0.00
1417,  0.00
1418,  0.00
1419,  0.00
1420,  0.00
1421,  0.00
1422,  0.00
1423,  0.00
1424,  0.00
1425,  0.00
1426,  0.00
1427,  0.00
1428,  0.00
1429,  0.00
1430,  0.15
1431,  0.45
1432,  0.96
1433,  0.99
1434,  0.96
1435,  0.92
1436,  0.84
1437,  0.92
1438,  0.91
1439,  0.90
1440,  0.95
1441,  0.69
1442,  0.72
1443,  0.92
1444,  0.88
1445,  0.89
1446,  0.82
1447,  0.82
1448,  0.84
1449,  0.74
1450,  0.84
1451,  0.59
1452,  0.68
1453,  0.82
1454,  0.77
1455,  0.00
1456,  0.00
1457,  0.00
1458,  0.00
1459,  0.00
1460,  0.25
1461,  0.54
1462,  0.91
1463,  0.80
1464,  0.85
1465,  0.81
1466,  0.83
1467,  0.71
1468,  0.77
1469,  0.76
1470,  0.57
1471,  0.80
1472,  0.77
1473,  0.86
1474,  0.83
1475,  0.82
1476,  0.93
1477,  0.91
1478,  0.88
1479,  0.83
1480,  0.78
1481,  0.62
1482,  0.35
1483,  0.35
1484,  0.49
1485,  0.46
1486,  0.41
1487,  0.40
1488,  0.43
1489,  0.57
1490,  0.57
1491,  0.77
1492,  0.98
1493,  0.88
1494,  0.88
1495,  0.69
1496,  0.30
1497,  0.74
1498,  0.53
1499,  0.66
1500,  0.51
1501,  0.74
1502,  0.79
1503,  0.77
1504,  0.73
1505,  0.75
1506,  0.77
1507,  0.66
1508,  0.58
1509,  0.76
1510,  0.65
1511,  0.41
1512,  0.46
1513,  0.63
1514,  0.39
1515,  0.66
1516,  0.36
1517,  0.16
1518,  0.17
1519,  0.38
1520,  0.24
1521,  0.34
1522,  0.35
1523,  0.40
1524,  0.47
1525,  0.37
1526,  0.46
1527,  0.34
1528,  0.15
1529,  0.60
1530,  0.85
1531,  0.80
1532,  0.89
1533,  0.81
1534,  0.76
1535,  0.78
1536,  0.73
1537,  0.70
1538,  0.83
1539,  0.86
1540,  0.78
1541,  0.77
1542,  0.76
1543,  0.72
1544,  0.70
1545,  0.74
1546,  0.74
1547,  0.63
1548,  0.65
1549,  0.67
1550,  0.68
1551,  0.70
1552,  0.68
1553,  0.72
1554,  0.79
1555,  0.76
1556,  0.76
1557,  0.75
1558,  0.72
1559,  0.86
1560,  0.80
1561,  0.78
1562,  0.86
1563,  0.81
1564,  0.80
1565,  0.73
1566,  0.84
1567,  0.80
1568,  0.77
1569,  0.77
1570,  0.78
1571,  0.78
1572,  0.81
1573,  0.75
1574,  0.78
1575,  0.72
1576,  0.75
1577,  0.77
1578,  0.80
1579,  0.80
1580,  0.80
1581,  0.84
1582,  0.78
1583,  0.81
1584,  0.69
1585,  0.56
1586,  0.47
1587,  0.61
1588,  0.72
1589,  0.63
1590,  0.71
1591,  0.60
1592,  0.54
1593,  0.81
1594,  0.85
1595,  0.92
1596,  0.87
1597,  0.84
1598,  0.87
1599,  0.89
1600,  0.86
1601,  0.90
1602,  0.86
1603,  0.90
1604,  0.84
1605,  0.83
1606,  0.88
1607,  0.80
1608,  0.77
1609,  0.82
1610,  0.78
1611,  0.80
1612,  0.86
1613,  0.81
1614,  0.83
1615,  0.88
1616,  0.90
1617,  0.88
1618,  0.86
1619,  0.85
1620,  0.39
1621,  0.19
1622,  0.47
1623,  0.98
1624,  0.98
1625,  0.94
1626,  0.89
1627,  0.85
1628,  0.57
1629,  0.59
1630,  0.60
1631,  0.80
1632,  0.87
1633,  0.83
1634,  0.78
1635,  0.69
1636,  0.84
1637,  0.86
1638,  0.88
1639,  0.89
1640,  0.84
1641,  0.88
1642,  0.89
1643,  0.87
1644,  0.92
1645,  0.89
1646,  0.87
1647,  0.94
1648,  0.94
1649,  0.85
1650,  0.96
1651,  0.85
1652,  0.91
1653,  0.88
1654,  0.87
1655,  0.84
1656,  0.87
1657,  0.90
1658,  0.94
1659,  0.93
1660,  0.92
1661,  0.90
1662,  0.92
1663,  0.94
1664,  0.92
1665,  0.93
1666,  0.93
1667,  0.91
1668,  0.93
1669,  0.95
1670,  0.82
1671,  0.58
1672,  0.58
1673,  0.46
1674,  0.45
1675,  0.45
1676,  0.42
1677,  0.74
1678,  0.93
1679,  0.93
1680,  0.86
1681,  0.94
1682,  0.93
1683,  0.87
1684,  0.76
1685,  0.76
1686,  0.80
1687,  0.79
1688,  0.86
1689,  0.86
1690,  0.85
1691,  0.87
1692,  0.90
1693,  0.83
1694,  0.93
1695,  0.94
1696,  0.94
1697,  0.92
1698,  0.64
1699,  0.86
1700,  0.87
1701,  0.93
1702,  0.95
1703,  0.93
1704,  0.82
1705,  0.89
1706,  0.78
1707,  0.74
1708,  0.89
1709,  0.91
1710,  0.91
1711,  0.92
1712,  0.92
1713,  0.81
1714,  0.91
1715,  0.94
1716,  0.87
1717,  0.92
1718,  0.88
1719,  0.96
1720,  0.97
1721,  0.96
1722,  0.91
1723,  0.79
1724,  0.88
1725,  0.95
1726,  0.96
1727,  0.96
1728,  0.98
1729,  0.97
1730,  0.92
1731,  0.97
1732,  0.98
1733,  0.98
1734,  0.97
1735,  0.97
1736,  0.95
1737,  0.91
1738,  0.92
1739,  0.93
1740,  0.94
1741,  0.88
1742,  0.96
1743,  0.90
1744,  0.76
1745,  0.73
1746,  0.79
1747,  0.81
1748,  0.97
1749,  0.98
1750,  0.96
1751,  0.96
1752,  0.95
1753,  0.95
1754,  0.95
1755,  0.97
1756,  0.96
1757,  0.95
1758,  0.95
1759,  0.97
1760,  0.96
1761,  0.98
1762,  0.98
1763,  0.98
1764,  0.99
1765,  0.97
1766,  0.96
1767,  0.96
1768,  0.97
1769,  0.96
1770,  0.96
1771,  0.97
1772,  0.97
1773,  0.98
1774,  0.92
1775,  0.96
1776,  0.98
1777,  0.98
1778,  0.97
1779,  0.97
1780,  0.95
1781,  0.97
1782,  0.98
1783,  0.98
1784,  0.98
1785,  0.89
1786,  0.24
1787,  0.14
1788,  0.07
1789,  0.69
1790,  0.96
1791,  0.97
1792,  0.98
1793,  0.99
1794,  0.99
1795,  0.99
1796,  0.97
1797,  0.98
1798,  0.98
1799,  0.98
1800,  0.98
1801,  0.97
1802,  0.98
1803,  0.84
1804,  0.65
1805,  0.93
1806,  0.97
1807,  0.96
1808,  0.94
1809,  0.94
1810,  0.95
1811,  0.96
1812,  0.97
1813,  0.97
1814,  0.99
1815,  0.96
1816,  0.96
1817,  0.95
1818,  0.96
1819,  0.82
1820,  0.83
1821,  0.94
1822,  0.86
1823,  0.85
1824,  0.28
1825,  0.39
1826,  0.35
1827,  0.66
1828,  0.92
1829,  0.96
1830,  0.99
1831,  0.99
1832,  0.99
1833,  0.99
1834,  0.98
1835,  0.98
1836,  0.96
1837,  0.98
1838,  0.98
1839,  0.98
1840,  0.97
1841,  0.97
1842,  0.99
1843,  0.99
1844,  0.99
1845,  0.98
1846,  0.96
1847,  0.97
1848,  0.97
1849,  0.96
1850,  0.98
1851,  0.97
1852,  0.97
1853,  0.97
1854,  0.95
1855,  0.97
1856,  0.93
1857,  0.95
1858,  0.98
1859,  0.98
1860,  0.98
1861,  0.98
1862,  0.99
1863,  0.98
1864,  0.88
1865,  0.95
1866,  0.98
1867,  0.87
1868,  0.90
1869,  0.98
1870,  0.96
1871,  0.97
1872,  0.95
1873,  0.95
1874,  0.94
1875,  0.94
1876,  0.95
1877,  0.81
1878,  0.86
1879,  0.92
1880,  0.95
1881,  0.95
1882,  0.94
1883,  0.94
1884,  0.97
1885,  0.93
1886,  0.95
1887,  0.97
1888,  0.97
1889,  0.98
1890,  0.98
1891,  0.97
1892,  0.97
1893,  0.97
1894,  0.96
1895,  0.98
1896,  0.98
1897,  0.96
1898,  0.99
1899,  0.99
1900,  0.96
1901,  0.94
1902,  0.93
1903,  0.51
1904,  0.73
1905,  0.35
1906,  0.59
1907,  0.42
1908,  0.89
1909,  0.60
1910,  0.94
1911,  0.79
1912,  0.92
1913,  0.97
1914,  0.98
1915,  0.98
1916,  0.98
1917,  0.97
1918,  0.98
1919,  0.98
1920,  0.99
1921,  0.98
1922,  0.97
1923,  0.98
1924,  0.99
1925,  0.99
1926,  0.98
1927,  0.96
1928,  0.96
1929,  0.98
1930,  0.99
1931,  0.99
1932,  0.99
1933,  0.99
1934,  0.99
1935,  0.97
1936,  0.98
1937,  0.98
1938,  0.95
1939,  0.92
1940,  0.97
1941,  0.98
1942,  0.99
1943,  0.96
1944,  0.99
1945,  0.99
1946,  0.99
1947,  0.99
1948,  0.86
1949,  0.90
1950,  0.98
1951,  0.97
1952,  0.99
1953,  0.96
1954,  0.97
1955,  0.96
1956,  0.97
1957,  0.98
1958,  0.94
1959,  0.97
1960,  0.96
1961,  0.98
1962,  0.99
1963,  0.98
1964,  0.97
1965,  0.97
1966,  0.98
1967,  0.99
1968,  0.98
1969,  0.91
1970,  0.99
1971,  0.98
1972,  0.99
1973,  0.99
1974,  0.99
1975,  0.99
1976,  0.99
1977,  0.99
1978,  0.99
1979,  0.98
1980,  0.97
1981,  0.44
1982,  0.35
1983,  0.19
1984,  0.22
1985,  0.30
1986,  0.24
1987,  0.22
1988,  0.27
1989,  0.15
1990,  0.12
1991,  0.15
1992,  0.16
1993,  0.30
1994,  0.15
1995,  0.12
1996,  0.10
1997,  0.00
1998,  0.00
1999,  0.00
2000,  0.00
2001,  0.06
2002,  0.20
2003,  0.53
2004,  0.41
2005,  0.33
2006,  0.30
2007,  0.41
2008,  0.19
2009,  0.16
2010,  0.06
2011,  0.03
2012,  0.02
2013,  0.04
2014,  0.03
2015,  0.01
2016,  0.02
2017,  0.04
2018,  0.06
2019,  0.72
2020,  0.93
2021,  0.95
2022,  0.96
2023,  0.97
2024,  0.97
2025,  0.99
2026,  0.97
2027,  0.97
2028,  0.98
2029,  0.99
2030,  0.99
2031,  0.84
2032,  0.44
2033,  0.97
2034,  0.45
2035,  0.36
2036,  0.34
2037,  0.04
2038,  0.02
2039,  0.01
2040,  0.01
2041,  0.00
2042,  0.07
2043,  0.00
2044,  0.00
2045,  0.00
2046,  0.00
2047,  0.00
2048,  0.00
2049,  0.00
2050,  0.01
2051,  0.26
2052,  0.93
2053,  0.99
2054,  0.99
2055,  1.00
2056,  1.00
2057,  1.00
2058,  1.00
2059,  0.99
2060,  1.00
2061,  0.93
2062,  0.97
2063,  0.99
2064,  0.98
2065,  1.00
2066,  1.00
2067,  1.00
2068,  1.00
2069,  1.00
2070,  1.00
2071,  1.00
2072,  1.00
2073,  1.00
2074,  0.97
2075,  0.57
2076,  0.09
2077,  0.04
2078,  0.11
2079,  0.28
2080,  0.25
2081,  0.02
2082,  0.03
2083,  0.09
2084,  0.07
2085,  0.13
2086,  0.04
2087,  0.00
2088,  0.00
2089,  0.00
2090,  0.00
2091,  0.03
2092,  0.08
2093,  0.04
2094,  0.03
2095,  0.09
2096,  0.12
2097,  0.19
2098,  0.34
2099,  0.22
2100,  0.05
2101,  0.23
2102,  0.02
2103,  0.00
2104,  0.13
2105,  0.18
2106,  0.19
2107,  0.18
2108,  0.20
2109,  0.10
2110,  0.04
2111,  0.06
2112,  0.26
2113,  0.27
2114,  0.34
2115,  0.34
2116,  0.34
2117,  0.27
2118,  0.20
2119,  0.33
2120,  0.36
2121,  0.33
2122,  0.44
2123,  0.35
2124,  0.36
2125,  0.38
2126,  0.35
2127,  0.32
2128,  0.32
2129,  0.32
2130,  0.32
2131,  0.20
2132,  0.00
2133,  0.20
2134,  0.32
2135,  0.30
2136,  0.15
2137,  0.43
2138,  0.39
2139,  0.61
2140,  0.07
2141,  0.00
2142,  0.09
2143,  0.37
2144,  0.48
2145,  0.49
2146,  0.37
2147,  0.34
2148,  0.34
2149,  0.31
2150,  0.33
2151,  0.27
2152,  0.42
2153,  0.51
2154,  0.50
2155,  0.50
2156,  0.46
2157,  0.42
2158,  0.77
2159,  0.51
2160,  0.30
2161,  0.00
2162,  0.25
2163,  0.43
2164,  0.41
2165,  0.40
2166,  0.42
2167,  0.40
2168,  0.41
2169,  0.45
2170,  0.43
2171,  0.41
2172,  0.37
2173,  0.37
2174,  0.34
2175,  0.44
2176,  0.37
2177,  0.44
2178,  0.45
2179,  0.44
2180,  0.47
2181,  0.48
2182,  0.47
2183,  0.47
2184,  0.52
2185,  0.46
2186,  0.40
2187,  0.58
2188,  0.76
2189,  0.58
2190,  0.49
2191,  0.49
2192,  0.48
2193,  0.52
2194,  0.51
2195,  0.46
2196,  0.46
2197,  0.49
2198,  0.48
2199,  0.46
2200,  0.47
2201,  0.50
2202,  0.49
2203,  0.51
2204,  0.42
2205,  0.43
2206,  0.46
2207,  0.46
2208,  0.48
2209,  0.42
2210,  0.40
2211,  0.45
2212,  0.46
2213,  0.46
2214,  0.50
2215,  0.47
2216,  0.47
2217,  0.25
2218,  0.20
2219,  0.38
2220,  0.59
2221,  0.58
2222,  0.64
2223,  0.74
2224,  0.72
2225,  0.69
2226,  0.69
2227,  0.35
2228,  0.00
2229,  0.00
2230,  0.00
2231,  0.00
2232,  0.00
2233,  0.01
2234,  0.10
2235,  0.25
2236,  0.09
2237,  0.27
2238,  0.00
2239,  0.17
2240,  0.16
2241,  0.30
2242,  0.23
2243,  0.03
2244,  0.02
2245,  0.02
2246,  0.06
2247,  0.03
2248,  0.11
2249,  0.16
2250,  0.16
2251,  0.47
2252,  0.57
2253,  0.62
2254,  0.78
2255,  0.75
2256,  0.78
2257,  0.84
2258,  0.82
2259,  0.73
2260,  0.17
2261,  0.09
2262,  0.09
2263,  0.01
2264,  0.01
2265,  0.01
2266,  0.02
2267,  0.10
2268,  0.18
2269,  0.58
2270,  0.65
2271,  0.75
2272,  0.84
2273,  0.50
2274,  0.64
2275,  0.74
2276,  0.80
2277,  0.58
2278,  0.14
2279,  0.00
2280,  0.40
2281,  0.44
2282,  0.02
2283,  0.01
2284,  0.12
2285,  0.59
2286,  0.71
2287,  0.79
2288,  0.78
2289,  0.75
2290,  0.65
2291,  0.41
2292,  0.51
2293,  0.42
2294,  0.44
2295,  0.42
2296,  0.42
2297,  0.46
2298,  0.24
2299,  0.12
2300,  0.08
2301,  0.02
2302,  0.15
2303,  0.59
2304,  0.67
2305,  0.54
2306,  0.44
2307,  0.47
2308,  0.59
2309,  0.68
2310,  0.74
2311,  0.75
2312,  0.59
2313,  0.61
2314,  0.73
2315,  0.68
2316,  0.56
2317,  0.49
2318,  0.55
2319,  0.56
2320,  0.51
2321,  0.50
2322,  0.52
2323,  0.50
2324,  0.66
2325,  0.75
2326,  0.75
2327,  0.69
2328,  0.55
2329,  0.58
2330,  0.53
2331,  0.61
2332,  0.53
2333,  0.54
2334,  0.55
2335,  0.65
2336,  0.63
2337,  0.59
2338,  0.62
2339,  0.58
2340,  0.61
2341,  0.71
2342,  0.63
2343,  0.66
2344,  0.61
2345,  0.52
2346,  0.10
2347,  0.48
2348,  0.70
2349,  0.69
2350,  0.63
2351,  0.59
2352,  0.55
2353,  0.53
2354,  0.54
2355,  0.55
2356,  0.54
2357,  0.50
2358,  0.55
2359,  0.54
2360,  0.52
2361,  0.51
2362,  0.42
2363,  0.60
2364,  0.91
2365,  0.82
2366,  0.73
2367,  0.75
2368,  0.67
2369,  0.69
2370,  0.65
2371,  0.69
2372,  0.70
2373,  0.66
2374,  0.70
2375,  0.72
2376,  0.76
2377,  0.72
2378,  0.75
2379,  0.75
2380,  0.59
2381,  0.40
2382,  0.31
2383,  0.23
2384,  0.43
2385,  0.45
2386,  0.55
2387,  0.51
2388,  0.62
2389,  0.67
2390,  0.60
2391,  0.57
2392,  0.53
2393,  0.58
2394,  0.56
2395,  0.41
2396,  0.59
2397,  0.63
2398,  0.71
2399,  0.66
2400,  0.53
2401,  0.56
2402,  0.54
2403,  0.32
2404,  0.29
2405,  0.38
2406,  0.59
2407,  0.53
2408,  0.44
2409,  0.43
2410,  0.38
2411,  0.38
2412,  0.50
2413,  0.41
2414,  0.43
2415,  0.50
2416,  0.47
2417,  0.53
2418,  0.42
2419,  0.38
2420,  0.36
2421,  0.46
2422,  0.53
2423,  0.46
2424,  0.48
2425,  0.53
2426,  0.50
2427,  0.47
2428,  0.45
2429,  0.48
2430,  0.46
2431,  0.46
2432,  0.45
2433,  0.42
2434,  0.57
2435,  0.43
2436,  0.49
2437,  0.43
2438,  0.43
2439,  0.44
2440,  0.43
2441,  0.49
2442,  0.52
2443,  0.43
2444,  0.45
2445,  0.52
2446,  0.52
2447,  0.50
2448,  0.46
2449,  0.47
2450,  0.47
2451,  0.49
2452,  0.46
2453,  0.45
2454,  0.42
2455,  0.51
2456,  0.48
2457,  0.45
2458,  0.45
2459,  0.46
2460,  0.41
2461,  0.37
2462,  0.33
2463,  0.37
2464,  0.44
2465,  0.45
2466,  0.42
2467,  0.43
2468,  0.40
2469,  0.38
2470,  0.34
2471,  0.36
2472,  0.44
2473,  0.46
2474,  0.45
2475,  0.44
2476,  0.60
2477,  0.35
2478,  0.37
2479,  0.41
2480,  0.44
2481,  0.41
2482,  0.40
2483,  0.32
2484,  0.34
2485,  0.29
2486,  0.24
2487,  0.11
2488,  0.30
2489,  0.28
2490,  0.31
2491,  0.33
2492,  0.29
2493,  0.25
2494,  0.26
2495,  0.31
2496,  0.32
2497,  0.32
2498,  0.34
2499,  0.37
2500,  0.42
2501,  0.40
2502,  0.44
2503,  0.40
2504,  0.39
2505,  0.33
2506,  0.39
2507,  0.28
2508,  0.33
2509,  0.36
2510,  0.39
2511,  0.38
2512,  0.39
2513,  0.40
2514,  0.50
2515,  0.39
2516,  0.30
2517,  0.29
2518,  0.37
2519,  0.39
2520,  0.39
2521,  0.36
2522,  0.33
2523,  0.34
2524,  0.33
2525,  0.37
2526,  0.32
2527,  0.30
2528,  0.34
2529,  0.33
2530,  0.32
2531,  0.37
2532,  0.35
2533,  0.36
2534,  0.32
2535,  0.38
2536,  0.43
2537,  0.31
2538,  0.37
2539,  0.41
2540,  0.39
2541,  0.38
2542,  0.38
2543,  0.41
2544,  0.40
2545,  0.42
2546,  0.39
2547,  0.38
2548,  0.39
2549,  0.45
2550,  0.59
2551,  0.51
2552,  0.34
2553,  0.39
2554,  0.41
2555,  0.45
2556,  0.45
2557,  0.47
2558,  0.50
2559,  0.70
2560,  0.74
2561,  0.78
2562,  0.70
2563,  0.63
2564,  0.45
2565,  0.37
2566,  0.39
2567,  0.37
2568,  0.23
2569,  0.23
2570,  0.23
2571,  0.25
2572,  0.25
2573,  0.28
2574,  0.28
2575,  0.24
2576,  0.25
2577,  0.23
2578,  0.28
2579,  0.26
2580,  0.34
2581,  0.33
2582,  0.34
2583,  0.40
2584,  0.35
2585,  0.33
2586,  0.29
2587,  0.31
2588,  0.34
2589,  0.37
2590,  0.44
2591,  0.41
2592,  0.48
2593,  0.39
2594,  0.46
2595,  0.41
2596,  0.47
2597,  0.40
2598,  0.35
2599,  0.36
2600,  0.35
2601,  0.29
2602,  0.36
2603,  0.30
2604,  0.34
2605,  0.32
2606,  0.31
2607,  0.31
2608,  0.28
2609,  0.31
2610,  0.26
2611,  0.32
2612,  0.32
2613,  0.32
2614,  0.32
2615,  0.33
2616,  0.36
2617,  0.35
2618,  0.32
2619,  0.31
2620,  0.34
2621,  0.33
2622,  0.32
2623,  0.31
2624,  0.29
2625,  0.32
2626,  0.32
2627,  0.34
2628,  0.32
2629,  0.32
2630,  0.33
2631,  0.33
2632,  0.35
2633,  0.41
2634,  0.41
2635,  0.36
2636,  0.36
2637,  0.34
2638,  0.35
2639,  0.34
2640,  0.34
2641,  0.40
2642,  0.35
2643,  0.38
2644,  0.35
2645,  0.32
2646,  0.35
2647,  0.33
2648,  0.36
2649,  0.37
2650,  0.39
2651,  0.34
2652,  0.40
2653,  0.40
2654,  0.38
2655,  0.38
2656,  0.37
2657,  0.36
2658,  0.33
2659,  0.34
2660,  0.31
2661,  0.34
2662,  0.31
2663,  0.30
2664,  0.29
2665,  0.33
2666,  0.30
2667,  0.21
2668,  0.31
2669,  0.30
2670,  0.36
2671,  0.33
2672,  0.33
2673,  0.31
2674,  0.31
2675,  0.37
2676,  0.29
2677,  0.35
2678,  0.37
2679,  0.38
2680,  0.36
2681,  0.36
2682,  0.45
2683,  0.55
2684,  0.78
2685,  0.42
2686,  0.38
2687,  0.27
2688,  0.38
2689,  0.38
2690,  0.39
2691,  0.41
2692,  0.36
2693,  0.28
2694,  0.30
2695,  0.29
2696,  0.30
2697,  0.31
2698,  0.28
2699,  0.32
2700,  0.31
2701,  0.26
2702,  0.27
2703,  0.24
2704,  0.25
2705,  0.30
2706,  0.28
2707,  0.30
2708,  0.23
2709,  0.30
2710,  0.33
2711,  0.30
2712,  0.29
2713,  0.38
2714,  0.28
2715,  0.30
2716,  0.29
2717,  0.27
2718,  0.29
2719,  0.27
2720,  0.29
2721,  0.29
2722,  0.34
2723,  0.32
2724,  0.29
2725,  0.34
2726,  0.33
2727,  0.32
2728,  0.18
2729,  0.11
2730,  0.26
2731,  0.10
2732,  0.33
2733,  0.93
2734,  0.98
2735,  0.94
2736,  0.84
2737,  0.54
2738,  0.40
2739,  0.41
2740,  0.54
2741,  0.51
2742,  0.44
2743,  0.42
2744,  0.38
2745,  0.37
2746,  0.34
2747,  0.34
2748,  0.33
2749,  0.34
2750,  0.30
2751,  0.36
2752,  0.31
2753,  0.34
2754,  0.39
2755,  0.28
2756,  0.28
2757,  0.32
2758,  0.32
2759,  0.31
2760,  0.33
2761,  0.26
2762,  0.30
2763,  0.02
2764,  0.02
2765,  0.05
2766,  0.22
2767,  0.38
2768,  0.42
2769,  0.36
2770,  0.03
2771,  0.02
2772,  0.08
2773,  0.01
2774,  0.04
2775,  0.19
2776,  0.37
2777,  0.36
2778,  0.36
2779,  0.34
2780,  0.33
2781,  0.33
2782,  0.32
2783,  0.29
2784,  0.34
2785,  0.31
2786,  0.29
2787,  0.29
2788,  0.33
2789,  0.26
2790,  0.24
2791,  0.23
2792,  0.34
2793,  0.31
2794,  0.31
2795,  0.32
2796,  0.27
2797,  0.25
2798,  0.29
2799,  0.31
2800,  0.27
2801,  0.27
2802,  0.00
2803,  0.00
2804,  0.01
2805,  0.06
2806,  0.27
2807,  0.36
2808,  0.27
2809,  0.26
2810,  0.27
2811,  0.24
2812,  0.23
2813,  0.32
2814,  0.31
2815,  0.28
2816,  0.31
2817,  0.29
2818,  0.23
2819,  0.26
2820,  0.27
2821,  0.26
2822,  0.33
2823,  0.30
2824,  0.30
2825,  0.28
2826,  0.29
2827,  0.33
2828,  0.32
2829,  0.25
2830,  0.29
2831,  0.39
2832,  0.31
2833,  0.29
2834,  0.32
2835,  0.29
2836,  0.33
2837,  0.26
2838,  0.46
2839,  0.37
2840,  0.34
2841,  0.30
2842,  0.35
2843,  0.38
2844,  0.31
2845,  0.41
2846,  0.25
2847,  0.37
2848,  0.34
2849,  0.30
2850,  0.34
2851,  0.32
2852,  0.33
2853,  0.41
2854,  0.25
2855,  0.34
2856,  0.29
2857,  0.25
2858,  0.31
2859,  0.31
2860,  0.35
2861,  0.38
2862,  0.40
2863,  0.22
2864,  0.31
2865,  0.43
2866,  0.24
2867,  0.32
2868,  0.30
2869,  0.28
2870,  0.27
2871,  0.29
2872,  0.27
2873,  0.30
2874,  0.29
2875,  0.37
2876,  0.29
2877,  0.24
2878,  0.07
2879,  0.59
2880,  0.36
2881,  0.46
2882,  0.50
2883,  0.42
2884,  0.36
2885,  0.41
2886,  0.49
2887,  0.35
2888,  0.38
2889,  0.41
2890,  0.37
2891,  0.33
2892,  0.39
2893,  0.32
2894,  0.35
2895,  0.34
2896,  0.36
2897,  0.48
2898,  0.43
2899,  0.37
2900,  0.39
2901,  0.39
2902,  0.37
2903,  0.37
2904,  0.34
2905,  0.39
2906,  0.45
2907,  0.34
2908,  0.33
2909,  0.33
2910,  0.37
2911,  0.34
2912,  0.28
2913,  0.14
2914,  0.00
2915,  0.00
2916,  0.00
2917,  0.00
2918,  0.00
2919,  0.00
2920,  0.00
2921,  0.00
2922,  0.00
2923,  0.00
2924,  0.00
2925,  0.00
2926,  0.00
2927,  0.00
2928,  0.00
2929,  0.00
2930,  0.00
2931,  0.00
2932,  0.00
2933,  0.00
2934,  0.00
2935,  0.00
2936,  0.00
2937,  0.00
2938,  0.00
2939,  0.00
2940,  0.00
2941,  0.00
2942,  0.00
2943,  0.00
2944,  0.00
2945,  0.00
2946,  0.00
2947,  0.00
2948,  0.00
2949,  0.00
2950,  0.00
2951,  0.06
2952,  0.40
2953,  0.50
2954,  0.36
2955,  0.65
2956,  0.28
2957,  0.20
2958,  0.15
2959,  0.58
2960,  0.72
2961,  0.78
2962,  0.79
2963,  0.93
2964,  0.94
2965,  0.93
2966,  0.94
2967,  0.93
2968,  0.95
2969,  0.93
2970,  0.94
2971,  0.94
2972,  0.92
2973,  0.92
2974,  0.93
2975,  0.91
2976,  0.92
2977,  0.92
2978,  0.93
2979,  0.93
2980,  0.91
2981,  0.94
2982,  0.90
2983,  0.97
2984,  0.96
2985,  0.95
2986,  0.73
2987,  0.77
2988,  0.84
2989,  0.86
2990,  0.86
2991,  0.98
2992,  0.91
2993,  0.62
2994,  0.59
2995,  0.35
2996,  0.39
2997,  0.40
2998,  0.47
2999,  0.53
3000,  0.46
3001,  0.24
3002,  0.18
3003,  0.18
3004,  0.22
3005,  0.25
3006,  0.43
3007,  0.67
3008,  0.09
3009,  0.33
3010,  0.36
3011,  0.66
3012,  0.90
3013,  0.72
3014,  0.76
3015,  0.93
3016,  0.91
3017,  0.90
3018,  0.92
3019,  0.94
3020,  0.91
3021,  0.94
3022,  0.66
3023,  0.56
3024,  0.66
3025,  0.71
3026,  0.67
3027,  0.87
3028,  0.92
3029,  0.81
3030,  0.91
3031,  0.74
3032,  0.88
3033,  0.92
3034,  0.93
3035,  0.96
3036,  0.92
3037,  0.98
3038,  0.99
3039,  0.99
3040,  0.97
3041,  0.96
3042,  0.95
3043,  0.97
3044,  0.98
3045,  0.98
3046,  0.97
3047,  0.98
3048,  0.99
3049,  0.99
3050,  0.98
3051,  0.99
3052,  0.98
3053,  0.95
3054,  0.98
3055,  0.97
3056,  0.98
3057,  0.97
3058,  0.98
3059,  0.98
3060,  0.98
3061,  0.97
3062,  0.97
3063,  0.80
3064,  0.88
3065,  0.92
3066,  0.92
3067,  0.93
3068,  0.99
3069,  0.99
3070,  0.99
3071,  0.85
3072,  0.84
3073,  0.93
3074,  0.79
3075,  0.33
3076,  0.01
3077,  0.10
3078,  0.09
3079,  0.37
3080,  0.37
3081,  0.10
3082,  0.00
3083,  0.01
3084,  0.01
3085,  0.00
3086,  0.00
3087,  0.00
3088,  0.00
3089,  0.00
3090,  0.00
3091,  0.00
3092,  0.00
3093,  0.00
3094,  0.00
3095,  0.00
3096,  0.00
3097,  0.00
3098,  0.00
3099,  0.00
3100,  0.00
3101,  0.00
3102,  0.00
3103,  0.00
3104,  0.00
3105,  0.00
3106,  0.00
3107,  0.00
3108,  0.00
3109,  0.00
3110,  0.00
3111,  0.38
3112,  0.10
3113,  0.03
3114,  0.00
3115,  0.00
3116,  0.00
3117,  0.00
3118,  0.00
3119,  0.00
3120,  0.00
3121,  0.00
3122,  0.00
3123,  0.00
3124,  0.00
3125,  0.00
3126,  0.00
3127,  0.00
3128,  0.00
3129,  0.01
3130,  0.14
3131,  0.29
3132,  0.25
3133,  0.24
3134,  0.23
3135,  0.25
3136,  0.30
3137,  0.24
3138,  0.22
3139,  0.16
3140,  0.22
3141,  0.16
3142,  0.24
3143,  0.25
3144,  0.23
3145,  0.20
3146,  0.17
3147,  0.17
3148,  0.20
3149,  0.19
3150,  0.19
3151,  0.19
3152,  0.20
3153,  0.21
3154,  0.22
3155,  0.24
3156,  0.32
3157,  0.26
3158,  0.24
3159,  0.25
3160,  0.26
3161,  0.22
3162,  0.25
3163,  0.19
3164,  0.25
3165,  0.27
3166,  0.25
3167,  0.13
3168,  0.23
3169,  0.28
3170,  0.28
3171,  0.28
3172,  0.28
3173,  0.30
3174,  0.24
3175,  0.24
3176,  0.25
3177,  0.26
3178,  0.26
3179,  0.24
3180,  0.07
3181,  0.05
3182,  0.25
3183,  0.23
3184,  0.26
3185,  0.29
3186,  0.27
3187,  0.27
3188,  0.26
3189,  0.26
3190,  0.29
3191,  0.27
3192,  0.27
3193,  0.30
3194,  0.26
3195,  0.27
3196,  0.29
3197,  0.27
3198,  0.28
3199,  0.28
3200,  0.24
3201,  0.22
3202,  0.28
3203,  0.27
3204,  0.27
3205,  0.26
3206,  0.29
3207,  0.28
3208,  0.07
3209,  0.00
3210,  0.00
3211,  0.04
3212,  0.20
3213,  0.30
3214,  0.31
3215,  0.30
3216,  0.28
3217,  0.29
3218,  0.28
3219,  0.15
3220,  0.46
3221,  0.53
3222,  0.35
3223,  0.27
3224,  0.26
3225,  0.47
3226,  0.35
3227,  0.45
3228,  0.49
3229,  0.40
3230,  0.35
3231,  0.35
3232,  0.39
3233,  0.36
3234,  0.26
3235,  0.25
3236,  0.32
3237,  0.40
3238,  0.34
3239,  0.32
3240,  0.34
3241,  0.40
3242,  0.36
3243,  0.37
3244,  0.34
3245,  0.31
3246,  0.35
3247,  0.26
3248,  0.43
3249,  0.37
3250,  0.38
3251,  0.39
3252,  0.39
3253,  0.35
3254,  0.36
3255,  0.30
3256,  0.36
3257,  0.27
3258,  0.24
3259,  0.36
3260,  0.36
3261,  0.32
3262,  0.36
3263,  0.32
3264,  0.35
3265,  0.36
3266,  0.35
3267,  0.31
3268,  0.32
3269,  0.36
3270,  0.32
3271,  0.34
3272,  0.32
3273,  0.31
3274,  0.31
3275,  0.42
3276,  0.30
3277,  0.31
3278,  0.27
3279,  0.34
3280,  0.38
3281,  0.34
3282,  0.36
3283,  0.43
3284,  0.28
3285,  0.22
3286,  0.34
3287,  0.38
3288,  0.39
3289,  0.42
3290,  0.35
3291,  0.36
3292,  0.33
3293,  0.39
3294,  0.34
3295,  0.32
3296,  0.46
3297,  0.31
3298,  0.29
3299,  0.33
3300,  0.34
3301,  0.28
3302,  0.30
3303,  0.33
3304,  0.27
3305,  0.29
3306,  0.39
3307,  0.27
3308,  0.30
3309,  0.38
3310,  0.28
3311,  0.30
3312,  0.30
3313,  0.32
3314,  0.37
3315,  0.38
3316,  0.31
3317,  0.22
3318,  0.35
3319,  0.36
3320,  0.38
3321,  0.37
3322,  0.35
3323,  0.37
3324,  0.39
3325,  0.34
3326,  0.33
3327,  0.28
3328,  0.22
3329,  0.28
3330,  0.27
3331,  0.30
3332,  0.29
3333,  0.31
3334,  0.29
3335,  0.29
3336,  0.32
3337,  0.33
3338,  0.26
3339,  0.00
3340,  0.00
3341,  0.00
3342,  0.00
3343,  0.00
3344,  0.00
3345,  0.00
3346,  0.00
3347,  0.00
3348,  0.00
3349,  0.00
3350,  0.00
3351,  0.34
3352,  0.31
3353,  0.36
3354,  0.33
3355,  0.33
3356,  0.26
3357,  0.32
3358,  0.30
3359,  0.28
3360,  0.28
3361,  0.29
3362,  0.25
3363,  0.25
3364,  0.27
3365,  0.27
3366,  0.24
3367,  0.28
3368,  0.31
3369,  0.25
3370,  0.30
3371,  0.32
3372,  0.34
3373,  0.29
3374,  0.33
3375,  0.39
3376,  0.28
3377,  0.07
3378,  0.24
3379,  0.35
3380,  0.33
3381,  0.25
3382,  0.37
3383,  0.31
3384,  0.40
3385,  0.44
3386,  0.48
3387,  0.36
3388,  0.37
3389,  0.35
3390,  0.43
3391,  0.42
3392,  0.47
3393,  0.40
3394,  0.36
3395,  0.48
3396,  0.46
3397,  0.48
3398,  0.43
3399,  0.45
3400,  0.45
3401,  0.43
3402,  0.47
3403,  0.49
3404,  0.48
3405,  0.39
3406,  0.45
3407,  0.48
3408,  0.47
3409,  0.44
3410,  0.46
3411,  0.46
3412,  0.46
3413,  0.44
3414,  0.46
3415,  0.45
3416,  0.44
3417,  0.41
3418,  0.44
3419,  0.44
3420,  0.40
3421,  0.43
3422,  0.31
3423,  0.43
3424,  0.43
3425,  0.46
3426,  0.34
3427,  0.46
3428,  0.46
3429,  0.47
3430,  0.45
3431,  0.42
3432,  0.47
3433,  0.43
3434,  0.42
3435,  0.43
3436,  0.38
3437,  0.54
3438,  0.45
3439,  0.43
3440,  0.38
3441,  0.40
3442,  0.47
3443,  0.47
3444,  0.44
3445,  0.38
3446,  0.38
3447,  0.46
3448,  0.40
3449,  0.41
3450,  0.48
3451,  0.30
3452,  0.41
3453,  0.46
3454,  0.61
3455,  0.66
3456,  0.48
3457,  0.50
3458,  0.53
3459,  0.54
3460,  0.52
3461,  0.50
3462,  0.47
3463,  0.50
3464,  0.43
3465,  0.47
3466,  0.46
3467,  0.43
3468,  0.42
3469,  0.34
3470,  0.60
3471,  0.50
3472,  0.43
3473,  0.49
3474,  0.45
3475,  0.53
3476,  0.50
3477,  0.45
3478,  0.45
3479,  0.47
3480,  0.46
3481,  0.47
3482,  0.43
3483,  0.43
3484,  0.42
3485,  0.44
3486,  0.47
3487,  0.48
3488,  0.48
3489,  0.47
3490,  0.54
3491,  0.52
3492,  0.50
3493,  0.48
3494,  0.42
3495,  0.44
3496,  0.45
3497,  0.49
3498,  0.48
3499,  0.47
3500,  0.48
3501,  0.50
3502,  0.49
3503,  0.49
3504,  0.46
3505,  0.44
3506,  0.50
3507,  0.43
3508,  0.45
3509,  0.49
3510,  0.54
3511,  0.46
3512,  0.46
3513,  0.45
3514,  0.42
3515,  0.49
3516,  0.47
3517,  0.51
3518,  0.45
3519,  0.47
3520,  0.48
3521,  0.45
3522,  0.50
3523,  0.48
3524,  0.49
3525,  0.52
3526,  0.55
3527,  0.52
3528,  0.48
3529,  0.53
3530,  0.53
3531,  0.55
3532,  0.48
3533,  0.48
3534,  0.50
3535,  0.50
3536,  0.49
3537,  0.48
3538,  0.51
3539,  0.51
3540,  0.50
3541,  0.56
3542,  0.52
3543,  0.55
3544,  0.54
3545,  0.49
3546,  0.51
3547,  0.54
3548,  0.57
3549,  0.44
3550,  0.49
3551,  0.54
3552,  0.52
3553,  0.51
3554,  0.52
3555,  0.54
3556,  0.53
3557,  0.55
3558,  0.53
3559,  0.50
3560,  0.53
3561,  0.48
3562,  0.45
3563,  0.55
3564,  0.54
3565,  0.53
3566,  0.51
3567,  0.54
3568,  0.55
3569,  0.53
3570,  0.46
3571,  0.42
3572,  0.69
3573,  0.54
3574,  0.50
3575,  0.53
3576,  0.55
3577,  0.51
3578,  0.54
3579,  0.56
3580,  0.59
3581,  0.58
3582,  0.57
3583,  0.60
3584,  0.64
3585,  0.63
3586,  0.54
3587,  0.70
3588,  0.77
3589,  0.69
3590,  0.63
3591,  0.63
3592,  0.68
3593,  0.67
3594,  0.52
3595,  0.61
3596,  0.63
3597,  0.56
3598,  0.52
3599,  0.68
3600,  0.62
3601,  0.58
3602,  0.64
3603,  0.66
3604,  0.64
3605,  0.72
3606,  0.66
3607,  0.59
3608,  0.63
3609,  0.62
3610,  0.60
3611,  0.52
3612,  0.42
3613,  0.49
3614,  0.45
3615,  0.48
3616,  0.50
3617,  0.47
3618,  0.50
3619,  0.47
3620,  0.32
3621,  0.59
3622,  0.76
3623,  0.71
3624,  0.69
3625,  0.62
3626,  0.61
3627,  0.56
3628,  0.51
3629,  0.51
3630,  0.50
3631,  0.37
3632,  0.42
3633,  0.18
3634,  0.02
3635,  0.00
3636,  0.00
3637,  0.00
3638,  0.00
3639,  0.00
3640,  0.00
3641,  0.00
3642,  0.00
3643,  0.01
3644,  0.00
3645,  0.00
3646,  0.00
3647,  0.00
3648,  0.00
3649,  0.00
3650,  0.00
3651,  0.00
3652,  0.00
3653,  0.00
3654,  0.00
3655,  0.03
3656,  0.08
3657,  0.20
3658,  0.23
3659,  0.29
3660,  0.27
3661,  0.11
3662,  0.02
3663,  0.00
3664,  0.00
3665,  0.00
3666,  0.00
3667,  0.00
3668,  0.00
3669,  0.00
3670,  0.00
3671,  0.00
3672,  0.00
3673,  0.00
3674,  0.01
3675,  0.01
3676,  0.00
3677,  0.00
3678,  0.00
3679,  0.01
3680,  0.01
3681,  0.03
3682,  0.06
3683,  0.14
3684,  0.40
3685,  0.48
3686,  0.51
3687,  0.50
3688,  0.48
3689,  0.52
3690,  0.50
3691,  0.54
3692,  0.57
3693,  0.55
3694,  0.57
3695,  0.56
3696,  0.58
3697,  0.52
3698,  0.56
3699,  0.55
3700,  0.59
3701,  0.60
3702,  0.58
3703,  0.57
3704,  0.44
3705,  0.62
3706,  0.57
3707,  0.51
3708,  0.51
3709,  0.48
3710,  0.52
3711,  0.57
3712,  0.54
3713,  0.52
3714,  0.54
3715,  0.53
3716,  0.60
3717,  0.42
3718,  0.48
3719,  0.48
3720,  0.08
3721,  0.00
3722,  0.00
3723,  0.00
3724,  0.00
3725,  0.00
3726,  0.00
3727,  0.00
3728,  0.00
3729,  0.00
3730,  0.00
3731,  0.00
3732,  0.03
3733,  0.06
3734,  0.05
3735,  0.25
3736,  0.46
3737,  0.44
3738,  0.51
3739,  0.60
3740,  0.69
3741,  0.75
3742,  0.77
3743,  0.77
3744,  0.76
3745,  0.80
3746,  0.85
3747,  0.84
3748,  0.82
3749,  0.83
3750,  0.75
3751,  0.81
3752,  0.78
3753,  0.75
3754,  0.70
3755,  0.73
3756,  0.74
3757,  0.78
3758,  0.69
3759,  0.52
3760,  0.59
3761,  0.53
3762,  0.65
3763,  0.58
3764,  0.58
3765,  0.60
3766,  0.62
3767,  0.64
3768,  0.59
3769,  0.64
3770,  0.61
3771,  0.64
3772,  0.71
3773,  0.66
3774,  0.66
3775,  0.63
3776,  0.64
3777,  0.66
3778,  0.61
3779,  0.75
3780,  0.72
3781,  0.68
3782,  0.69
3783,  0.70
3784,  0.67
3785,  0.72
3786,  0.74
3787,  0.72
3788,  0.69
3789,  0.66
3790,  0.66
3791,  0.64
3792,  0.64
3793,  0.61
3794,  0.43
3795,  0.55
3796,  0.61
3797,  0.64
3798,  0.63
3799,  0.66
3800,  0.65
3801,  0.66
3802,  0.68
3803,  0.66
3804,  0.65
3805,  0.71
3806,  0.67
3807,  0.65
3808,  0.74
3809,  0.78
3810,  0.78
3811,  0.67
3812,  0.65
3813,  0.64
3814,  0.63
3815,  0.67
3816,  0.68
3817,  0.59
3818,  0.65
3819,  0.72
3820,  0.79
3821,  0.70
3822,  0.70
3823,  0.66
3824,  0.77
3825,  0.70
3826,  0.70
3827,  0.65
3828,  0.64
3829,  0.66
3830,  0.54
3831,  0.39
3832,  0.42
3833,  0.50
3834,  0.64
3835,  0.92
3836,  0.85
3837,  0.93
3838,  0.81
3839,  0.92
3840,  0.99
3841,  0.99
3842,  0.92
3843,  0.93
3844,  0.91
3845,  0.92
3846,  0.92
3847,  0.90
3848,  0.90
3849,  0.92
3850,  0.30
3851,  0.00
3852,  0.02
3853,  0.07
3854,  0.55
3855,  0.56
3856,  0.62
3857,  0.64
3858,  0.68
3859,  0.74
3860,  0.67
3861,  0.54
3862,  0.42
3863,  0.64
3864,  0.78
3865,  0.71
3866,  0.76
3867,  0.72
3868,  0.72
3869,  0.71
3870,  0.75
3871,  0.72
3872,  0.76
3873,  0.77
3874,  0.77
3875,  0.75
3876,  0.55
3877,  0.49
3878,  0.59
3879,  0.70
3880,  0.75
3881,  0.85
3882,  0.86
3883,  0.80
3884,  0.78
3885,  0.76
3886,  0.66
3887,  0.82
3888,  0.82
3889,  0.79
3890,  0.72
3891,  0.72
3892,  0.78
3893,  0.78
3894,  0.82
3895,  0.85
3896,  0.84
3897,  0.85
3898,  0.83
3899,  0.84
3900,  0.88
3901,  0.90
3902,  0.90
3903,  0.88
3904,  0.77
3905,  0.84
3906,  0.86
3907,  0.86
3908,  0.85
3909,  0.85
3910,  0.84
3911,  0.85
3912,  0.88
3913,  0.86
3914,  0.86
3915,  0.89
3916,  0.87
3917,  0.54
3918,  0.53
3919,  0.77
3920,  0.83
3921,  0.86
3922,  0.87
3923,  0.86
3924,  0.86
3925,  0.84
3926,  0.82
3927,  0.84
3928,  0.82
3929,  0.86
3930,  0.84
3931,  0.87
3932,  0.86
3933,  0.88
3934,  0.88
3935,  0.86
3936,  0.86
3937,  0.86
3938,  0.89
3939,  0.86
3940,  0.92
3941,  0.90
3942,  0.90
3943,  0.91
3944,  0.87
3945,  0.90
3946,  0.90
3947,  0.91
3948,  0.89
3949,  0.89
3950,  0.89
3951,  0.88
3952,  0.57
3953,  0.37
3954,  0.64
3955,  0.83
3956,  0.92
3957,  0.93
3958,  0.93
3959,  0.93
3960,  0.91
3961,  0.94
3962,  0.92
3963,  0.88
3964,  0.92
3965,  0.93
3966,  0.91
3967,  0.91
3968,  0.88
3969,  0.91
3970,  0.89
3971,  0.89
3972,  0.92
3973,  0.91
3974,  0.90
3975,  0.90
3976,  0.94
3977,  0.93
3978,  0.91
3979,  0.87
3980,  0.91
3981,  0.94
3982,  0.93
3983,  0.94
3984,  0.94
3985,  0.90
3986,  0.88
3987,  0.94
3988,  0.94
3989,  0.93
3990,  0.95
3991,  0.90
3992,  0.93
3993,  0.93
3994,  0.90
3995,  0.93
3996,  0.93
3997,  0.94
3998,  0.93
3999,  0.87
4000,  0.90
4001,  0.91
4002,  0.92
4003,  0.91
4004,  0.88
4005,  0.93
4006,  0.92
4007,  0.90
4008,  0.86
4009,  0.91
4010,  0.92
4011,  0.96
4012,  0.95
4013,  0.96
4014,  0.94
4015,  0.95
4016,  0.38
4017,  0.22
4018,  0.88
4019,  0.90
4020,  0.90
4021,  0.89
4022,  0.86
4023,  0.92
4024,  0.84
4025,  0.95
4026,  0.97
4027,  0.95
4028,  0.93
4029,  0.90
4030,  0.95
4031,  0.92
4032,  0.86
4033,  0.93
4034,  0.94
4035,  0.93
4036,  0.90
4037,  0.91
4038,  0.90
4039,  0.95
4040,  0.92
4041,  0.92
4042,  0.93
4043,  0.94
4044,  0.94
4045,  0.95
4046,  0.96
4047,  0.91
4048,  0.86
4049,  0.93
4050,  0.94
4051,  0.93
4052,  0.93
4053,  0.96
4054,  0.95
4055,  0.95
4056,  0.96
4057,  0.96
4058,  0.95
4059,  0.96
4060,  0.97
4061,  0.97
4062,  0.95
4063,  0.97
4064,  0.48
4065,  0.87
4066,  0.97
4067,  0.97
4068,  0.97
4069,  0.97
4070,  0.97
4071,  0.56
4072,  0.93
4073,  0.96
4074,  0.97
4075,  0.97
4076,  0.94
4077,  0.96
4078,  0.96
4079,  0.95
4080,  0.89
4081,  0.18
4082,  0.00
4083,  0.00
4084,  0.00
4085,  0.01
4086,  0.02
4087,  0.00
4088,  0.00
4089,  0.00
4090,  0.00
4091,  0.01
4092,  0.01
4093,  0.00
4094,  0.02
4095,  0.01
4096,  0.02
4097,  0.03
4098,  0.02
4099,  0.02
4100,  0.04
4101,  0.04
4102,  0.33
4103,  0.90
4104,  0.94
4105,  0.93
4106,  0.91
4107,  0.96
4108,  0.94
4109,  0.93
4110,  0.92
4111,  0.94
4112,  0.82
4113,  0.75
4114,  0.58
4115,  0.05
4116,  0.18
4117,  0.01
4118,  0.09
4119,  0.36
4120,  0.87
4121,  0.86
4122,  0.90
4123,  0.95
4124,  0.83
4125,  0.82
4126,  0.83
4127,  0.75
4128,  0.86
4129,  0.93
4130,  0.95
4131,  0.95
4132,  0.94
4133,  0.90
4134,  0.89
4135,  0.93
4136,  0.87
4137,  0.82
4138,  0.88
4139,  0.91
4140,  0.93
4141,  0.95
4142,  0.95
4143,  0.97
4144,  0.60
4145,  0.85
4146,  0.80
4147,  0.90
4148,  0.91
4149,  0.92
4150,  0.98
4151,  0.98
4152,  0.98
4153,  0.95
4154,  0.99
4155,  0.99
4156,  0.98
4157,  0.98
4158,  0.97
4159,  0.97
4160,  0.98
4161,  0.97
4162,  0.95
4163,  0.98
4164,  0.94
4165,  0.92
4166,  0.96
4167,  0.97
4168,  0.94
4169,  0.78
4170,  0.88
4171,  0.96
4172,  0.97
4173,  0.96
4174,  0.95
4175,  0.96
4176,  0.96
4177,  0.97
4178,  0.97
4179,  0.97
4180,  0.97
4181,  0.97
4182,  0.98
4183,  0.97
4184,  0.99
4185,  0.97
4186,  0.97
4187,  0.54
4188,  0.05
4189,  0.01
4190,  0.68
4191,  0.98
4192,  0.97
4193,  0.98
4194,  0.98
4195,  0.99
4196,  1.00
4197,  0.99
4198,  0.99
4199,  0.99
4200,  0.98
4201,  0.98
4202,  0.98
4203,  0.98
4204,  0.98
4205,  0.99
4206,  0.98
4207,  0.98
4208,  0.98
4209,  0.99
4210,  0.98
4211,  0.99
4212,  0.98
4213,  0.98
4214,  0.98
4215,  0.98
4216,  0.98
4217,  0.95
4218,  0.97
4219,  0.91
4220,  0.54
4221,  0.02
4222,  0.48
4223,  0.59
4224,  0.88
4225,  0.87
4226,  0.97
4227,  0.98
4228,  0.98
4229,  0.98
4230,  0.98
4231,  0.98
4232,  0.98
4233,  0.98
4234,  0.98
4235,  0.97
4236,  0.97
4237,  0.98
4238,  0.99
4239,  0.98
4240,  0.98
4241,  0.99
4242,  0.98
4243,  0.98
4244,  0.96
4245,  1.00
4246,  0.99
4247,  0.99
4248,  0.98
4249,  0.97
4250,  0.99
4251,  0.99
4252,  0.99
4253,  0.90
4254,  0.98
4255,  0.98
4256,  0.98
4257,  0.98
4258,  0.41
4259,  0.14
4260,  0.08
4261,  0.04
4262,  0.02
4263,  0.01
4264,  0.01
4265,  0.13
4266,  0.31
4267,  0.11
4268,  0.03
4269,  0.01
4270,  0.21
4271,  0.45
4272,  0.32
4273,  0.25
4274,  0.30
4275,  0.14
4276,  0.05
4277,  0.00
4278,  0.00
4279,  0.01
4280,  0.01
4281,  0.01
4282,  0.05
4283,  0.71
4284,  0.97
4285,  0.96
4286,  0.98
4287,  0.98
4288,  0.98
4289,  0.97
4290,  0.99
4291,  0.99
4292,  0.98
4293,  0.99
4294,  0.99
4295,  0.98
4296,  0.98
4297,  0.98
4298,  0.96
4299,  0.97
4300,  0.98
4301,  0.99
4302,  0.96
4303,  0.98
4304,  0.99
4305,  0.98
4306,  0.99
4307,  0.99
4308,  0.98
4309,  0.98
4310,  0.91
4311,  1.00
4312,  0.99
4313,  0.98
4314,  0.99
4315,  0.99
4316,  0.41
4317,  0.52
4318,  0.00
4319,  0.00
4320,  0.11
4321,  0.48
4322,  0.61
4323,  0.66
4324,  0.70
4325,  0.67
4326,  0.67
4327,  0.58
4328,  0.46
4329,  0.43
4330,  0.46
4331,  0.50
4332,  0.58
4333,  0.54
4334,  0.24
4335,  0.01
4336,  0.02
4337,  0.01
4338,  0.28
4339,  0.30
4340,  0.34
4341,  0.48
4342,  0.45
4343,  0.38
4344,  0.37
4345,  0.41
4346,  0.40
4347,  0.38
4348,  0.47
4349,  0.50
4350,  0.46
4351,  0.35
4352,  0.31
4353,  0.75
4354,  0.98
4355,  0.99
4356,  0.98
4357,  0.99
4358,  0.99
4359,  0.98
4360,  0.98
4361,  0.93
4362,  0.27
4363,  0.04
4364,  0.04
4365,  0.07
4366,  0.55
4367,  0.89
4368,  0.89
4369,  0.87
4370,  0.94
4371,  0.75
4372,  0.61
4373,  0.97
4374,  0.99
4375,  0.98
4376,  0.99
4377,  0.68
4378,  0.72
4379,  0.95
4380,  0.96
4381,  0.99
4382,  0.99
4383,  1.00
4384,  1.00
4385,  1.00
4386,  1.00
4387,  1.00
4388,  0.99
4389,  1.00
4390,  0.99
4391,  0.99
4392,  0.99
4393,  0.99
4394,  0.90
4395,  1.00
4396,  0.98
4397,  0.99
4398,  0.98
4399,  0.41
4400,  0.02
4401,  0.06
4402,  0.61
4403,  0.87
4404,  0.94
4405,  0.98
4406,  0.98
4407,  0.98
4408,  0.98
4409,  0.98
4410,  0.98
4411,  0.99
4412,  0.99
4413,  0.99
4414,  0.99
4415,  0.99
4416,  0.99
4417,  0.99
4418,  0.99
4419,  0.99
4420,  0.99
4421,  0.70
4422,  0.00
4423,  0.00
4424,  0.00
4425,  0.00
4426,  0.30
4427,  0.46
4428,  0.84
4429,  0.83
4430,  0.68
4431,  0.64
4432,  0.79
4433,  0.87
4434,  0.90
4435,  0.96
4436,  0.97
4437,  0.97
4438,  0.97
4439,  0.98
4440,  0.98
4441,  0.69
4442,  0.04
4443,  0.00
4444,  0.01
4445,  0.08
4446,  0.09
4447,  0.31
4448,  0.28
4449,  0.62
4450,  0.62
4451,  0.69
4452,  0.98
4453,  0.93
4454,  0.95
4455,  0.96
4456,  0.98
4457,  0.98
4458,  0.98
4459,  0.99
4460,  0.99
4461,  0.96
4462,  1.00
4463,  1.00
4464,  1.00
4465,  1.00
4466,  1.00
4467,  1.00
4468,  1.00
4469,  1.00
4470,  1.00
4471,  1.00
4472,  0.99
4473,  0.99
4474,  0.99
4475,  0.99
4476,  0.99
4477,  1.00
4478,  0.99
4479,  0.99
4480,  0.99
4481,  0.99
4482,  0.99
4483,  0.99
4484,  0.70
4485,  0.00
4486,  0.00
4487,  0.00
4488,  0.00
4489,  0.00
4490,  0.00
4491,  0.00
4492,  0.00
4493,  0.00
4494,  0.00
4495,  0.00
4496,  0.00
4497,  0.00
4498,  0.25
4499,  0.43
4500,  0.99
4501,  0.99
4502,  0.98
4503,  0.98
4504,  0.98
4505,  0.98
4506,  0.99
4507,  0.98
4508,  0.98
4509,  0.98
4510,  0.91
4511,  1.00
4512,  0.98
4513,  0.19
4514,  0.99
4515,  0.99
4516,  0.99
4517,  0.99
4518,  0.99
4519,  0.99
4520,  0.99
4521,  0.99
4522,  1.00
4523,  1.00
4524,  1.00
4525,  1.00
4526,  0.99
4527,  0.81
4528,  1.00
4529,  1.00
4530,  0.99
4531,  0.99
4532,  0.99
4533,  0.99
4534,  0.99
4535,  0.99
4536,  0.99
4537,  0.99
4538,  0.99
4539,  0.90
4540,  1.00
4541,  1.00
4542,  1.00
4543,  1.00
4544,  0.99
4545,  0.99
4546,  0.99
4547,  0.99
4548,  0.99
4549,  0.99
4550,  0.79
4551,  0.14
4552,  0.09
4553,  0.09
4554,  0.09
4555,  0.06
4556,  0.69
4557,  0.75
4558,  0.89
4559,  0.92
4560,  0.94
4561,  0.97
4562,  0.98
4563,  0.99
4564,  0.99
4565,  0.99
4566,  0.99
4567,  0.99
4568,  0.99
4569,  0.99
4570,  0.99
4571,  0.99
4572,  0.99
4573,  0.99
4574,  0.98
4575,  1.00
4576,  0.99
4577,  0.99
4578,  0.99
4579,  0.99
4580,  0.99
4581,  0.99
4582,  0.99
4583,  0.99
4584,  0.99
4585,  0.89
4586,  0.98
4587,  0.89
4588,  0.94
4589,  0.42
4590,  0.53
4591,  0.78
4592,  0.78
4593,  0.62
4594,  0.69
4595,  0.79
4596,  0.72
4597,  0.64
4598,  0.77
4599,  0.52
4600,  0.47
4601,  0.62
4602,  0.71
4603,  0.85
4604,  0.92
4605,  0.96
4606,  0.91
4607,  0.99
4608,  1.00
4609,  1.00
4610,  1.00
4611,  1.00
4612,  1.00
4613,  1.00
4614,  1.00
4615,  0.99
4616,  0.90
4617,  1.00
4618,  1.00
4619,  1.00
4620,  1.00
4621,  1.00
4622,  1.00
4623,  1.00
4624,  0.99
4625,  1.00
4626,  0.99
4627,  0.99
4628,  0.98
4629,  0.46
4630,  0.90
4631,  0.93
4632,  0.98
4633,  0.99
4634,  0.99
4635,  0.86
4636,  0.99
4637,  0.99
4638,  0.99
4639,  0.99
4640,  0.97
4641,  1.00
4642,  1.00
4643,  1.00
4644,  1.00
4645,  1.00
4646,  1.00
4647,  1.00
4648,  1.00
4649,  0.46
4650,  0.92
4651,  0.97
4652,  0.99
4653,  0.94
4654,  0.95
4655,  1.00
4656,  1.00
4657,  1.00
4658,  1.00
4659,  1.00
4660,  1.00
4661,  1.00
4662,  1.00
4663,  0.91
4664,  1.00
4665,  1.00
4666,  0.99
4667,  0.99
4668,  0.99
4669,  1.00
4670,  0.99
4671,  1.00
4672,  1.00
4673,  0.99
4674,  1.00
4675,  0.89
4676,  0.97
4677,  0.98
4678,  0.97
4679,  0.97
4680,  0.98
4681,  0.98
4682,  0.99
4683,  0.99
4684,  0.99
4685,  0.99
4686,  0.99
4687,  0.91
4688,  0.01
4689,  0.02
4690,  0.04
4691,  0.05
4692,  0.03
4693,  0.01
4694,  0.01
4695,  0.00
4696,  0.00
4697,  0.00
4698,  0.00
4699,  0.00
4700,  0.00
4701,  0.02
4702,  0.10
4703,  0.32
4704,  0.11
4705,  0.00
4706,  0.00
4707,  0.00
4708,  0.00
4709,  0.00
4710,  0.00
4711,  0.00
4712,  0.00
4713,  0.00
4714,  0.00
4715,  0.00
4716,  0.00
4717,  0.00
4718,  0.00
4719,  0.00
4720,  0.00
4721,  0.00
4722,  0.00
4723,  0.00
4724,  0.00
4725,  0.00
4726,  0.00
4727,  0.00
4728,  0.00
4729,  0.00
4730,  0.00
4731,  0.00
4732,  0.00
4733,  0.16
4734,  0.94
4735,  0.98
4736,  0.99
4737,  0.99
4738,  1.00
4739,  0.91
4740,  0.99
4741,  1.00
4742,  1.00
4743,  1.00
4744,  1.00
4745,  1.00
4746,  1.00
4747,  0.99
4748,  0.99
4749,  0.99
4750,  0.99
4751,  0.99
4752,  0.99
4753,  0.99
4754,  0.45
4755,  0.10
4756,  0.00
4757,  0.00
4758,  0.64
4759,  0.70
4760,  0.99
4761,  0.99
4762,  1.00
4763,  1.00
4764,  0.99
4765,  1.00
4766,  1.00
4767,  1.00
4768,  1.00
4769,  1.00
4770,  1.00
4771,  1.00
4772,  0.99
4773,  1.00
4774,  0.99
4775,  0.99
4776,  1.00
4777,  1.00
4778,  1.00
4779,  1.00
4780,  1.00
4781,  0.99
4782,  0.99
4783,  0.90
4784,  0.97
4785,  1.00
4786,  1.00
4787,  1.00
4788,  1.00
4789,  1.00
4790,  1.00
4791,  1.00
4792,  1.00
4793,  1.00
4794,  1.00
4795,  1.00
4796,  1.00
4797,  1.00
4798,  0.99
4799,  0.99
4800,  1.00
4801,  0.99
4802,  0.99
4803,  0.99
4804,  0.99
4805,  0.99
4806,  0.98
4807,  1.00
4808,  1.00
4809,  0.99
4810,  0.99
4811,  0.99
4812,  0.99
4813,  0.99
4814,  1.00
4815,  1.00
4816,  0.99
4817,  0.99
4818,  0.99
4819,  0.99
4820,  0.99
4821,  1.00
4822,  1.00
4823,  1.00
4824,  1.00
4825,  0.99
4826,  0.99
4827,  1.00
4828,  0.99
4829,  0.74
4830,  0.71
4831,  0.97
4832,  0.99
4833,  0.99
4834,  0.99
4835,  0.99
4836,  0.99
4837,  0.99
4838,  0.99
4839,  0.99
4840,  0.99
4841,  0.99
4842,  0.99
4843,  1.00
4844,  0.99
4845,  1.00
4846,  1.00
4847,  1.00
4848,  1.00
4849,  1.00
4850,  1.00
4851,  1.00
4852,  1.00
4853,  1.00
4854,  1.00
4855,  1.00
4856,  1.00
4857,  0.99
4858,  0.99
4859,  0.99
4860,  0.99
4861,  1.00
4862,  1.00
4863,  1.00
4864,  0.99
4865,  1.00
4866,  1.00
4867,  1.00
4868,  0.99
4869,  1.00
4870,  0.99
4871,  0.35
4872,  0.00
4873,  0.01
4874,  0.00
4875,  0.00
4876,  0.00
4877,  0.24
4878,  0.88
4879,  0.36
4880,  0.00
4881,  0.00
4882,  0.00
4883,  0.00
4884,  0.00
4885,  0.00
4886,  0.00
4887,  0.00
4888,  0.00
4889,  0.00
4890,  0.00
4891,  0.00
4892,  0.00
4893,  0.00
4894,  0.00
4895,  0.00
4896,  0.00
4897,  0.00
4898,  0.00
4899,  0.00
4900,  0.00
4901,  0.00
4902,  0.00
4903,  0.00
4904,  0.00
4905,  0.00
4906,  0.00
4907,  0.00
4908,  0.00
4909,  0.00
4910,  0.00
4911,  0.00
4912,  0.03
4913,  0.00
4914,  0.00
4915,  0.00
4916,  0.00
4917,  0.00
4918,  0.00
4919,  0.00
4920,  0.00
4921,  0.00
4922,  0.00
4923,  0.00
4924,  0.00
4925,  0.00
4926,  0.00
4927,  0.00
4928,  0.00
4929,  0.00
4930,  0.00
4931,  0.00
4932,  0.00
4933,  0.00
4934,  0.00
4935,  0.00
4936,  0.00
4937,  0.00
4938,  0.00
4939,  0.00
4940,  0.00
4941,  0.00
4942,  0.00
4943,  0.00
4944,  0.00
4945,  0.00
4946,  0.00
4947,  0.00
4948,  0.00
4949,  0.00
4950,  0.00
4951,  0.00
4952,  0.00
4953,  0.00
4954,  0.00
4955,  0.00
4956,  0.00
4957,  0.07
4958,  0.00
4959,  0.17
4960,  0.00
4961,  0.00
4962,  0.00
4963,  0.00
4964,  0.00
4965,  0.00
4966,  0.00
4967,  0.00
4968,  0.00
4969,  0.00
4970,  0.00
4971,  0.00
4972,  0.00
4973,  0.00
4974,  0.00
4975,  0.00
4976,  0.00
4977,  0.00
4978,  0.00
4979,  0.00
4980,  0.00
4981,  0.00
4982,  0.00
4983,  0.00
4984,  0.00
4985,  0.00
4986,  0.00
4987,  0.00
4988,  0.00
4989,  0.00
4990,  0.00
4991,  0.00
4992,  0.00
4993,  0.00
4994,  0.00
4995,  0.00
4996,  0.00
4997,  0.20
4998,  0.00
4999,  0.00
5000,  0.00
5001,  0.00
5002,  0.00
5003,  0.00
5004,  0.00
5005,  0.00
5006,  0.00
5007,  0.00
5008,  0.00
5009,  0.00
5010,  0.00
5011,  0.00
5012,  0.00
5013,  0.00
5014,  0.00
5015,  0.00
5016,  0.00
5017,  0.00
5018,  0.00
5019,  0.00
5020,  0.00
5021,  0.00
5022,  0.00
5023,  0.00
5024,  0.00
5025,  0.00
5026,  0.00
5027,  0.00
5028,  0.00
5029,  0.00
5030,  0.00
5031,  0.00
5032,  0.00
5033,  0.00
5034,  0.00
5035,  0.00
5036,  0.00
5037,  0.00
5038,  0.00
5039,  0.00
5040,  0.00
5041,  0.00
5042,  0.00
5043,  0.00
5044,  0.00
5045,  0.00
5046,  0.00
5047,  0.00
5048,  0.00
5049,  0.00
5050,  0.00
5051,  0.78
5052,  1.00
5053,  0.99
5054,  0.89
5055,  0.99
5056,  1.00
5057,  1.00
5058,  1.00
5059,  1.00
5060,  1.00
5061,  1.00
5062,  1.00
5063,  0.99
5064,  0.99
5065,  0.99
5066,  1.00
5067,  0.99
5068,  1.00
5069,  1.00
5070,  1.00
5071,  1.00
5072,  1.00
5073,  1.00
5074,  1.00
5075,  1.00
5076,  1.00
5077,  1.00
5078,  1.00
5079,  1.00
5080,  1.00
5081,  1.00
5082,  1.00
5083,  1.00
5084,  1.00
5085,  0.99
5086,  0.11
5087,  0.13
5088,  0.00
5089,  0.00
5090,  0.00
5091,  0.00
5092,  0.00
5093,  0.00
5094,  0.00
5095,  0.00
5096,  0.00
5097,  0.00
5098,  0.00
5099,  0.00
5100,  0.00
5101,  0.00
5102,  0.00
5103,  0.00
5104,  0.00
5105,  0.00
5106,  0.00
5107,  0.00
5108,  0.00
5109,  0.04
5110,  0.03
5111,  0.05
5112,  0.11
5113,  0.06
5114,  0.08
5115,  0.03
5116,  0.04
5117,  0.31
5118,  0.28
5119,  0.19
5120,  0.23
5121,  0.28
5122,  0.23
5123,  0.05
5124,  0.21
5125,  0.56
5126,  0.56
5127,  0.74
5128,  0.67
5129,  0.84
5130,  0.46
5131,  0.01
5132,  0.01
5133,  0.07
5134,  0.05
5135,  0.77
5136,  0.67
5137,  0.69
5138,  0.83
5139,  0.91
5140,  0.90
5141,  0.87
5142,  0.88
5143,  0.94
5144,  0.95
5145,  0.72
5146,  0.82
5147,  0.95
5148,  0.97
5149,  0.98
5150,  0.93
5151,  0.82
5152,  0.64
5153,  0.82
5154,  0.82
5155,  0.65
5156,  0.31
5157,  0.60
5158,  0.79
5159,  0.96
5160,  0.94
5161,  0.94
5162,  0.87
5163,  0.85
5164,  0.95
5165,  0.95
5166,  0.98
5167,  1.00
5168,  0.99
5169,  1.00
5170,  0.98
5171,  0.98
5172,  0.75
5173,  0.30
5174,  0.59
5175,  0.67
5176,  0.23
5177,  0.48
5178,  0.80
5179,  0.89
5180,  0.95
5181,  0.96
5182,  0.96
5183,  0.83
5184,  0.98
5185,  0.99
5186,  0.95
5187,  0.94
5188,  0.86
5189,  0.87
5190,  0.86
5191,  0.88
5192,  0.96
5193,  0.96
5194,  0.94
5195,  0.94
5196,  0.98
5197,  0.99
5198,  1.00
5199,  0.98
5200,  0.94
5201,  1.00
5202,  0.99
5203,  0.99
5204,  0.95
5205,  1.00
5206,  1.00
5207,  1.00
5208,  1.00
5209,  1.00
5210,  0.34
5211,  0.00
5212,  0.00
5213,  0.03
5214,  0.00
5215,  0.00
5216,  0.00
5217,  0.00
5218,  0.00
5219,  0.00
5220,  0.00
5221,  0.00
5222,  0.00
5223,  0.00
5224,  0.00
5225,  0.10
5226,  0.08
5227,  0.43
5228,  0.74
5229,  0.27
5230,  0.08
5231,  0.36
5232,  0.57
5233,  0.51
5234,  0.71
5235,  0.66
5236,  0.95
5237,  0.99
5238,  0.99
5239,  0.99
5240,  0.99
5241,  0.99
5242,  0.97
5243,  0.97
5244,  0.97
5245,  0.97
5246,  0.97
5247,  0.97
5248,  0.98
5249,  0.98
5250,  0.98
5251,  0.98
5252,  0.98
5253,  0.59
5254,  0.23
5255,  0.36
5256,  0.90
5257,  0.99
5258,  0.92
5259,  0.91
5260,  0.97
5261,  0.98
5262,  0.94
5263,  1.00
5264,  0.98
5265,  0.97
5266,  0.94
5267,  0.96
5268,  0.98
5269,  0.98
5270,  0.99
5271,  1.00
5272,  1.00
5273,  1.00
5274,  1.00
5275,  0.98
5276,  0.99
5277,  0.99
5278,  1.00
5279,  1.00
5280,  1.00
5281,  1.00
5282,  1.00
5283,  1.00
5284,  1.00
5285,  1.00
5286,  1.00
5287,  1.00
5288,  1.00
5289,  1.00
5290,  1.00
5291,  1.00
5292,  1.00
5293,  1.00
5294,  1.00
5295,  1.00
5296,  1.00
5297,  1.00
5298,  1.00
5299,  1.00
5300,  1.00
5301,  1.00
5302,  1.00
5303,  0.37
5304,  0.06
5305,  0.05
5306,  0.41
5307,  0.52
5308,  0.18
5309,  0.13
5310,  0.06
5311,  0.03
5312,  0.05
5313,  0.01
5314,  0.00
5315,  0.02
5316,  0.01
5317,  0.02
5318,  0.80
5319,  0.80
5320,  0.84
5321,  0.86
5322,  0.73
5323,  0.57
5324,  0.70
5325,  0.97
5326,  0.73
5327,  0.38
5328,  0.58
5329,  0.24
5330,  0.62
5331,  0.80
5332,  0.89
5333,  0.91
5334,  0.98
5335,  0.99
5336,  0.98
5337,  1.00
5338,  1.00
5339,  0.97
5340,  0.97
5341,  0.59
5342,  0.00
5343,  0.00
5344,  0.00
5345,  0.00
5346,  0.00
5347,  0.00
5348,  0.00
5349,  0.00
5350,  0.00
5351,  0.00
5352,  0.00
5353,  0.00
5354,  0.00
5355,  0.00
5356,  0.00
5357,  0.00
5358,  0.00
5359,  0.00
5360,  0.00
5361,  0.00
5362,  0.00
5363,  0.00
5364,  0.00
5365,  0.00
5366,  0.00
5367,  0.00
5368,  0.00
5369,  0.68
5370,  0.73
5371,  0.73
5372,  0.82
5373,  0.84
5374,  0.90
5375,  0.78
5376,  0.83
5377,  0.92
5378,  0.82
5379,  0.89
5380,  0.78
5381,  0.85
5382,  0.83
5383,  0.85
5384,  0.55
5385,  0.00
5386,  0.34
5387,  0.10
5388,  0.04
5389,  0.20
5390,  0.47
5391,  0.73
5392,  0.89
5393,  0.86
5394,  0.91
5395,  0.96
5396,  0.69
5397,  0.91
5398,  0.97
5399,  0.93
5400,  0.83
5401,  0.99
5402,  0.97
5403,  0.98
5404,  0.40
5405,  0.00
5406,  0.00
5407,  0.02
5408,  0.03
5409,  0.02
5410,  0.00
5411,  0.04
5412,  0.28
5413,  0.60
5414,  0.30
5415,  0.27
5416,  0.52
5417,  0.87
5418,  0.95
5419,  0.97
5420,  0.97
5421,  0.95
5422,  0.98
5423,  0.97
5424,  0.98
5425,  0.99
5426,  0.98
5427,  0.98
5428,  0.67
5429,  0.03
5430,  0.00
5431,  0.02
5432,  0.01
5433,  0.19
5434,  0.21
5435,  0.79
5436,  0.95
5437,  0.97
5438,  0.97
5439,  0.99
5440,  1.00
5441,  1.00
5442,  1.00
5443,  0.99
5444,  1.00
5445,  0.99
5446,  1.00
5447,  1.00
5448,  1.00
5449,  1.00
5450,  1.00
5451,  0.58
5452,  0.00
5453,  0.00
5454,  0.11
5455,  0.02
5456,  0.01
5457,  0.02
5458,  0.54
5459,  0.90
5460,  0.96
5461,  0.60
5462,  0.80
5463,  0.78
5464,  0.86
5465,  0.93
5466,  0.93
5467,  0.94
5468,  0.99
5469,  0.98
5470,  0.99
5471,  0.58
5472,  0.90
5473,  0.85
5474,  0.13
5475,  0.83
5476,  0.98
5477,  1.00
5478,  1.00
5479,  1.00
5480,  0.99
5481,  1.00
5482,  1.00
5483,  0.99
5484,  1.00
5485,  1.00
5486,  1.00
5487,  1.00
5488,  1.00
5489,  1.00
5490,  0.90
5491,  0.28
5492,  0.67
5493,  0.93
5494,  0.99
5495,  1.00
5496,  0.99
5497,  0.92
5498,  0.90
5499,  0.94
5500,  0.98
5501,  0.98
5502,  0.99
5503,  1.00
5504,  1.00
5505,  1.00
5506,  1.00
5507,  1.00
5508,  1.00
5509,  1.00
5510,  1.00
5511,  1.00
5512,  1.00
5513,  0.96
5514,  1.00
5515,  1.00
5516,  1.00
5517,  1.00
5518,  1.00
5519,  1.00
5520,  1.00
5521,  1.00
5522,  1.00
5523,  0.99
5524,  1.00
5525,  1.00
5526,  1.00
5527,  1.00
5528,  1.00
5529,  1.00
5530,  1.00
5531,  1.00
5532,  1.00
5533,  1.00
5534,  1.00
5535,  1.00
5536,  1.00
5537,  1.00
5538,  1.00
5539,  1.00
5540,  1.00
5541,  1.00
5542,  1.00
5543,  1.00
5544,  1.00
5545,  1.00
5546,  1.00
5547,  1.00
5548,  1.00
5549,  0.99
5550,  1.00
5551,  1.00
5552,  1.00
5553,  1.00
5554,  1.00
5555,  1.00
5556,  1.00
5557,  1.00
5558,  1.00
5559,  1.00
5560,  1.00
5561,  1.00
5562,  1.00
5563,  0.99
5564,  0.97
5565,  1.00
5566,  1.00
5567,  1.00
5568,  1.00
5569,  1.00
5570,  1.00
5571,  1.00
5572,  1.00
5573,  1.00
5574,  1.00
5575,  1.00
5576,  1.00
5577,  1.00
5578,  1.00
5579,  1.00
5580,  1.00
5581,  1.00
5582,  1.00
5583,  1.00
5584,  1.00
5585,  1.00
5586,  1.00
5587,  1.00
5588,  1.00
5589,  1.00
5590,  1.00
5591,  1.00
5592,  1.00
5593,  1.00
5594,  0.94
5595,  1.00
5596,  1.00
5597,  1.00
5598,  1.00
5599,  1.00
5600,  1.00
5601,  1.00
5602,  1.00
5603,  1.00
5604,  1.00
5605,  1.00
5606,  0.99
5607,  1.00
5608,  1.00
5609,  1.00
5610,  1.00
5611,  1.00
5612,  1.00
5613,  1.00
5614,  1.00
5615,  1.00
5616,  1.00
5617,  1.00
5618,  1.00
5619,  1.00
5620,  1.00
5621,  0.30
5622,  0.20
5623,  0.93
5624,  0.84
5625,  0.97
5626,  0.98
5627,  1.00
5628,  1.00
5629,  1.00
5630,  1.00
5631,  1.00
5632,  1.00
5633,  1.00
5634,  1.00
5635,  1.00
5636,  1.00
5637,  1.00
5638,  1.00
5639,  1.00
5640,  1.00
5641,  1.00
5642,  1.00
5643,  1.00
5644,  1.00
5645,  1.00
5646,  1.00
5647,  1.00
5648,  1.00
5649,  1.00
5650,  1.00
5651,  1.00
5652,  1.00
5653,  1.00
5654,  1.00
5655,  1.00
5656,  1.00
5657,  1.00
5658,  0.49
5659,  0.09
5660,  0.22
5661,  0.32
5662,  0.41
5663,  0.44
5664,  0.51
5665,  0.50
5666,  0.56
5667,  0.77
5668,  0.48
5669,  0.63
5670,  0.19
5671,  0.25
5672,  0.78
5673,  0.60
5674,  0.72
5675,  0.97
5676,  1.00
5677,  0.99
5678,  0.99
5679,  0.99
5680,  0.99
5681,  0.98
5682,  1.00
5683,  1.00
5684,  1.00
5685,  1.00
5686,  1.00
5687,  1.00
5688,  1.00
5689,  1.00
5690,  1.00
5691,  1.00
5692,  1.00
5693,  1.00
5694,  1.00
5695,  1.00
5696,  1.00
5697,  1.00
5698,  1.00
5699,  1.00
5700,  1.00
5701,  1.00
5702,  1.00
5703,  0.80
5704,  0.00
5705,  0.00
5706,  0.00
5707,  0.00
5708,  0.00
5709,  0.00
5710,  0.86
5711,  1.00
5712,  1.00
5713,  1.00
5714,  1.00
5715,  1.00
5716,  1.00
5717,  1.00
5718,  1.00
5719,  1.00
5720,  1.00
5721,  1.00
5722,  1.00
5723,  1.00
5724,  1.00
5725,  1.00
5726,  1.00
5727,  1.00
5728,  1.00
5729,  1.00
5730,  1.00
5731,  1.00
5732,  1.00
5733,  1.00
5734,  1.00
5735,  1.00
5736,  1.00
5737,  1.00
5738,  1.00
5739,  1.00
5740,  1.00
5741,  1.00
5742,  1.00
5743,  1.00
5744,  1.00
5745,  1.00
5746,  1.00
5747,  1.00
5748,  1.00
5749,  1.00
5750,  1.00
5751,  1.00
5752,  1.00
5753,  1.00
5754,  1.00
5755,  1.00
5756,  1.00
5757,  1.00
5758,  1.00
5759,  1.00
5760,  1.00
5761,  1.00
5762,  1.00
5763,  1.00
5764,  1.00
5765,  1.00
5766,  1.00
5767,  1.00
5768,  1.00
5769,  1.00
5770,  1.00
5771,  1.00
5772,  1.00
5773,  1.00
5774,  1.00
5775,  1.00
5776,  1.00
5777,  1.00
5778,  1.00
5779,  1.00
5780,  1.00
5781,  1.00
5782,  1.00
5783,  1.00
5784,  1.00
5785,  1.00
5786,  1.00
5787,  1.00
5788,  1.00
5789,  1.00
5790,  1.00
5791,  1.00
5792,  0.64
5793,  0.00
5794,  0.01
5795,  0.00
5796,  0.00
5797,  0.00
5798,  0.01
5799,  0.00
5800,  0.03
5801,  0.44
5802,  0.02
5803,  0.43
5804,  0.75
5805,  0.80
5806,  0.61
5807,  0.93
5808,  0.97
5809,  0.99
5810,  0.99
5811,  1.00
5812,  1.00
5813,  1.00
5814,  1.00
5815,  1.00
5816,  1.00
5817,  1.00
5818,  1.00
5819,  1.00
5820,  1.00
5821,  1.00
5822,  1.00
5823,  1.00
5824,  1.00
5825,  1.00
5826,  1.00
5827,  1.00
5828,  1.00
5829,  1.00
5830,  1.00
5831,  1.00
5832,  1.00
5833,  1.00
5834,  1.00
5835,  1.00
5836,  1.00
5837,  1.00
5838,  1.00
5839,  1.00
5840,  1.00
5841,  1.00
5842,  1.00
5843,  1.00
5844,  1.00
5845,  1.00
5846,  1.00
5847,  1.00
5848,  1.00
5849,  1.00
5850,  1.00
5851,  1.00
5852,  1.00
5853,  1.00
5854,  1.00
5855,  1.00
5856,  1.00
5857,  1.00
5858,  1.00
5859,  0.76
5860,  0.00
5861,  0.00
5862,  0.01
5863,  0.03
5864,  0.04
5865,  0.05
5866,  0.18
5867,  0.96
5868,  0.83
5869,  0.85
5870,  1.00
5871,  1.00
5872,  1.00
5873,  1.00
5874,  1.00
5875,  1.00
5876,  1.00
5877,  1.00
5878,  1.00
5879,  1.00
5880,  1.00
5881,  1.00
5882,  1.00
5883,  1.00
5884,  1.00
5885,  1.00
5886,  1.00
5887,  1.00
5888,  1.00
5889,  1.00
5890,  1.00
5891,  1.00
5892,  1.00
5893,  1.00
5894,  1.00
5895,  1.00
5896,  1.00
5897,  1.00
5898,  1.00
5899,  1.00
5900,  1.00
5901,  1.00
5902,  1.00
5903,  1.00
5904,  1.00
5905,  1.00
5906,  1.00
5907,  1.00
5908,  1.00
5909,  1.00
5910,  1.00
5911,  1.00
5912,  1.00
5913,  1.00
5914,  1.00
5915,  1.00
5916,  1.00
5917,  1.00
5918,  1.00
5919,  1.00
5920,  1.00
5921,  1.00
5922,  1.00
5923,  1.00
5924,  1.00
5925,  1.00
5926,  1.00
5927,  1.00
5928,  1.00
5929,  1.00
5930,  1.00
5931,  1.00
5932,  1.00
5933,  1.00
5934,  1.00
5935,  1.00
5936,  1.00
5937,  1.00
5938,  1.00
5939,  1.00
5940,  1.00
5941,  1.00
5942,  1.00
5943,  1.00
5944,  1.00
5945,  1.00
5946,  1.00
5947,  1.00
5948,  1.00
5949,  1.00
5950,  1.00
5951,  1.00
5952,  1.00
5953,  1.00
5954,  1.00
5955,  1.00
5956,  1.00
5957,  1.00
5958,  1.00
5959,  1.00
5960,  1.00
5961,  1.00
5962,  1.00
5963,  1.00
5964,  1.00
5965,  1.00
5966,  1.00
5967,  1.00
5968,  1.00
5969,  1.00
5970,  1.00
5971,  1.00
5972,  1.00
5973,  1.00
5974,  1.00
5975,  1.00
5976,  1.00
5977,  1.00
5978,  1.00
5979,  1.00
5980,  1.00
5981,  1.00
5982,  1.00
5983,  1.00
5984,  1.00
5985,  1.00
5986,  1.00
5987,  1.00
5988,  1.00
5989,  1.00
5990,  1.00
5991,  1.00
5992,  1.00
5993,  1.00
5994,  1.00
5995,  1.00
5996,  1.00
5997,  1.00
5998,  1.00
5999,  1.00
6000,  1.00
6001,  1.00
6002,  1.00
6003,  1.00
6004,  1.00
6005,  1.00
6006,  1.00
6007,  1.00
6008,  1.00
6009,  1.00
6010,  1.00
6011,  1.00
6012,  1.00
6013,  1.00
6014,  1.00
6015,  1.00
6016,  1.00
6017,  1.00
6018,  1.00
6019,  1.00
6020,  1.00
6021,  1.00
6022,  1.00
6023,  1.00
6024,  1.00
6025,  1.00
6026,  0.93
6027,  1.00
6028,  1.00
6029,  1.00
6030,  1.00
6031,  1.00
6032,  1.00
6033,  1.00
6034,  1.00
6035,  1.00
6036,  1.00
6037,  1.00
6038,  1.00
6039,  1.00
6040,  1.00
6041,  1.00
6042,  1.00
6043,  1.00
6044,  1.00
6045,  1.00
6046,  1.00
6047,  1.00
6048,  1.00
6049,  1.00
6050,  1.00
6051,  1.00
6052,  1.00
6053,  1.00
6054,  1.00
6055,  1.00
6056,  1.00
6057,  1.00
6058,  1.00
6059,  1.00
6060,  1.00
6061,  1.00
6062,  1.00
6063,  1.00
6064,  1.00
6065,  1.00
6066,  1.00
6067,  1.00
6068,  1.00
6069,  1.00
6070,  1.00
6071,  1.00
6072,  1.00
6073,  1.00
6074,  1.00
6075,  1.00
6076,  1.00
6077,  1.00
6078,  1.00
6079,  1.00
6080,  1.00
6081,  1.00
6082,  1.00
6083,  1.00
6084,  1.00
6085,  1.00
6086,  1.00
6087,  1.00
6088,  1.00
6089,  1.00
6090,  1.00
6091,  1.00
6092,  1.00
6093,  1.00
6094,  1.00
6095,  1.00
6096,  1.00
6097,  1.00
6098,  1.00
6099,  1.00
6100,  1.00
6101,  1.00
6102,  1.00
6103,  1.00
6104,  1.00
6105,  1.00
6106,  1.00
6107,  1.00
6108,  1.00
6109,  1.00
6110,  1.00
6111,  1.00
6112,  1.00
6113,  1.00
6114,  1.00
6115,  0.47
6116,  0.00
6117,  0.53
6118,  0.97
6119,  1.00
6120,  1.00
6121,  1.00
6122,  1.00
6123,  1.00
6124,  1.00
6125,  1.00
6126,  1.00
6127,  1.00
6128,  1.00
6129,  1.00
6130,  1.00
6131,  1.00
6132,  1.00
6133,  1.00
6134,  1.00
6135,  1.00
6136,  1.00
6137,  1.00
6138,  1.00
6139,  1.00
6140,  1.00
6141,  1.00
6142,  1.00
6143,  1.00
6144,  1.00
6145,  1.00
6146,  1.00
6147,  1.00
6148,  1.00
6149,  1.00
6150,  1.00
6151,  1.00
6152,  1.00
6153,  1.00
6154,  1.00
6155,  1.00
6156,  1.00
6157,  1.00
6158,  1.00
6159,  1.00
6160,  1.00
6161,  1.00
6162,  1.00
6163,  1.00
6164,  1.00
6165,  1.00
6166,  1.00
6167,  1.00
6168,  1.00
6169,  1.00
6170,  1.00
6171,  1.00
6172,  1.00
6173,  1.00
6174,  1.00
6175,  0.76
6176,  0.34
6177,  0.27
6178,  0.37
6179,  0.23
6180,  0.05
6181,  0.09
6182,  0.09
6183,  0.09
6184,  0.49
6185,  0.97
6186,  1.00
6187,  1.00
6188,  1.00
6189,  1.00
6190,  1.00
6191,  1.00
6192,  1.00
6193,  1.00
6194,  1.00
6195,  1.00
6196,  1.00
6197,  1.00
6198,  1.00
6199,  1.00
6200,  1.00
6201,  1.00
6202,  1.00
6203,  1.00
6204,  1.00
6205,  1.00
6206,  1.00
6207,  1.00
6208,  1.00
6209,  1.00
6210,  1.00
6211,  1.00
6212,  0.91
6213,  0.86
6214,  0.81
6215,  0.90
6216,  0.87
6217,  0.94
6218,  0.96
6219,  1.00
6220,  1.00
6221,  1.00
6222,  1.00
6223,  1.00
6224,  1.00
6225,  1.00
6226,  0.90
6227,  0.98
6228,  0.99
6229,  1.00
6230,  0.99
6231,  0.98
6232,  0.99
6233,  0.99
6234,  0.99
6235,  1.00
6236,  1.00
6237,  1.00
6238,  1.00
6239,  1.00
6240,  1.00
6241,  1.00
6242,  1.00
6243,  1.00
6244,  1.00
6245,  1.00
6246,  1.00
6247,  1.00
6248,  1.00
6249,  1.00
6250,  1.00
6251,  1.00
6252,  1.00
6253,  1.00
6254,  1.00
6255,  1.00
6256,  1.00
6257,  1.00
6258,  1.00
6259,  1.00
6260,  1.00
6261,  1.00
6262,  1.00
6263,  1.00
6264,  1.00
6265,  1.00
6266,  1.00
6267,  1.00
6268,  1.00
6269,  1.00
6270,  1.00
6271,  1.00
6272,  1.00
6273,  1.00
6274,  1.00
6275,  1.00
6276,  1.00
6277,  1.00
6278,  1.00
6279,  1.00
6280,  1.00
6281,  1.00
6282,  1.00
6283,  1.00
6284,  1.00
6285,  1.00
6286,  1.00
6287,  1.00
6288,  1.00
6289,  1.00
6290,  1.00
6291,  1.00
6292,  1.00
6293,  1.00
6294,  1.00
6295,  1.00
6296,  1.00
6297,  1.00
6298,  1.00
6299,  1.00
6300,  1.00
6301,  1.00
6302,  1.00
6303,  1.00
6304,  1.00
6305,  1.00
6306,  1.00
6307,  1.00
6308,  1.00
6309,  1.00
6310,  1.00
6311,  1.00
6312,  1.00
6313,  1.00
6314,  1.00
6315,  1.00
6316,  1.00
6317,  1.00
6318,  1.00
6319,  1.00
6320,  1.00
6321,  1.00
6322,  1.00
6323,  1.00
6324,  1.00
6325,  1.00
6326,  1.00
6327,  1.00
6328,  1.00
6329,  1.00
6330,  1.00
6331,  1.00
6332,  1.00
6333,  1.00
6334,  1.00
6335,  1.00
6336,  1.00
6337,  1.00
6338,  1.00
6339,  1.00
6340,  1.00
6341,  1.00
6342,  1.00
6343,  1.00
6344,  1.00
6345,  1.00
6346,  1.00
6347,  1.00
6348,  1.00
6349,  1.00
6350,  1.00
6351,  1.00
6352,  1.00
6353,  1.00
6354,  1.00
6355,  1.00
6356,  1.00
6357,  1.00
6358,  1.00
6359,  1.00
6360,  1.00
6361,  0.99
6362,  1.00
6363,  1.00
6364,  1.00
6365,  1.00
6366,  1.00
6367,  1.00
6368,  1.00
6369,  1.00
6370,  1.00
6371,  1.00
6372,  1.00
6373,  1.00
6374,  1.00
6375,  1.00
6376,  1.00
6377,  1.00
6378,  1.00
6379,  1.00
6380,  0.99
6381,  1.00
6382,  1.00
6383,  1.00
6384,  1.00
6385,  1.00
6386,  1.00
6387,  1.00
6388,  1.00
6389,  1.00
6390,  1.00
6391,  1.00
6392,  1.00
6393,  1.00
6394,  1.00
6395,  1.00
6396,  1.00
6397,  1.00
6398,  1.00
6399,  1.00
6400,  1.00
6401,  1.00
6402,  1.00
6403,  1.00
6404,  1.00
6405,  1.00
6406,  1.00
6407,  1.00
6408,  1.00
6409,  1.00
6410,  1.00
6411,  1.00
6412,  1.00
6413,  1.00
6414,  1.00
6415,  1.00
6416,  1.00
6417,  1.00
6418,  1.00
6419,  1.00
6420,  1.00
6421,  1.00
6422,  1.00
6423,  1.00
6424,  1.00
6425,  1.00
6426,  1.00
6427,  1.00
6428,  1.00
6429,  1.00
6430,  1.00
6431,  1.00
6432,  1.00
6433,  1.00
6434,  1.00
6435,  1.00
6436,  1.00
6437,  1.00
6438,  1.00
6439,  1.00
6440,  1.00
6441,  1.00
6442,  1.00
6443,  1.00
6444,  1.00
6445,  1.00
6446,  1.00
6447,  1.00
6448,  1.00
6449,  1.00
6450,  1.00
6451,  1.00
6452,  1.00
6453,  1.00
6454,  1.00
6455,  1.00
6456,  1.00
6457,  1.00
6458,  1.00
6459,  1.00
6460,  1.00
6461,  1.00
6462,  1.00
6463,  1.00
6464,  1.00
6465,  1.00
6466,  1.00
6467,  1.00
6468,  1.00
6469,  1.00
6470,  1.00
6471,  1.00
6472,  1.00
6473,  1.00
6474,  1.00
6475,  1.00
6476,  1.00
6477,  1.00
6478,  1.00
6479,  1.00
6480,  1.00
6481,  1.00
6482,  1.00
6483,  1.00
6484,  1.00
6485,  1.00
6486,  1.00
6487,  1.00
6488,  1.00
6489,  1.00
6490,  1.00
6491,  1.00
6492,  1.00
6493,  1.00
6494,  1.00
6495,  1.00
6496,  1.00
6497,  1.00
6498,  1.00
6499,  1.00
6500,  1.00
6501,  1.00
6502,  1.00
6503,  1.00
6504,  1.00
6505,  1.00
6506,  1.00
6507,  1.00
6508,  1.00
6509,  1.00
6510,  1.00
6511,  1.00
6512,  1.00
6513,  1.00
6514,  1.00
6515,  1.00
6516,  1.00
6517,  1.00
6518,  1.00
6519,  1.00
6520,  1.00
6521,  1.00
6522,  1.00
6523,  1.00
6524,  1.00
6525,  1.00
6526,  1.00
6527,  1.00
6528,  1.00
6529,  1.00
6530,  1.00
6531,  1.00
6532,  1.00
6533,  1.00
6534,  1.00
6535,  1.00
6536,  1.00
6537,  1.00
6538,  1.00
6539,  1.00
6540,  1.00
6541,  1.00
6542,  1.00
6543,  1.00
6544,  1.00
6545,  1.00
6546,  1.00
6547,  1.00
6548,  1.00
6549,  1.00
6550,  1.00
6551,  1.00
6552,  1.00
6553,  1.00
6554,  1.00
6555,  1.00
6556,  1.00
6557,  1.00
6558,  1.00
6559,  1.00
6560,  1.00
6561,  1.00
6562,  1.00
6563,  1.00
6564,  1.00
6565,  1.00
6566,  1.00
6567,  0.99
6568,  1.00
6569,  1.00
6570,  1.00
6571,  1.00
6572,  1.00
6573,  1.00
6574,  1.00
6575,  1.00
6576,  1.00
6577,  1.00
6578,  1.00
6579,  1.00
6580,  1.00
6581,  1.00
6582,  1.00
6583,  1.00
6584,  1.00
6585,  1.00
6586,  1.00
6587,  1.00
6588,  1.00
6589,  1.00
6590,  1.00
6591,  1.00
6592,  1.00
6593,  1.00
6594,  1.00
6595,  1.00
6596,  1.00
6597,  1.00
6598,  1.00
6599,  1.00
6600,  1.00
6601,  1.00
6602,  1.00
6603,  1.00
6604,  1.00
6605,  1.00
6606,  1.00
6607,  1.00
6608,  1.00
6609,  1.00
6610,  1.00
6611,  1.00
6612,  1.00
6613,  1.00
6614,  1.00
6615,  1.00
6616,  1.00
6617,  1.00
6618,  1.00
6619,  1.00
6620,  1.00
6621,  1.00
6622,  1.00
6623,  1.00
6624,  1.00
6625,  1.00
6626,  1.00
6627,  1.00
6628,  1.00
6629,  1.00
6630,  1.00
6631,  1.00
6632,  1.00
6633,  1.00
6634,  1.00
6635,  1.00
6636,  1.00
6637,  1.00
6638,  1.00
6639,  1.00
6640,  1.00
6641,  1.00
6642,  1.00
6643,  1.00
6644,  1.00
6645,  1.00
6646,  1.00
6647,  1.00
6648,  1.00
6649,  1.00
6650,  1.00
6651,  1.00
6652,  1.00
6653,  1.00
6654,  1.00
6655,  1.00
6656,  1.00
6657,  1.00
6658,  1.00
6659,  1.00
6660,  1.00
6661,  1.00
6662,  1.00
6663,  1.00
6664,  1.00
6665,  1.00
6666,  1.00
6667,  1.00
6668,  1.00
6669,  1.00
6670,  1.00
6671,  1.00
6672,  1.00
6673,  1.00
6674,  1.00
6675,  1.00
6676,  1.00
6677,  1.00
6678,  1.00
6679,  1.00
6680,  1.00
6681,  1.00
6682,  1.00
6683,  1.00
6684,  1.00
6685,  1.00
6686,  1.00
6687,  1.00
6688,  1.00
6689,  1.00
6690,  1.00
6691,  1.00
6692,  1.00
6693,  1.00
6694,  1.00
6695,  1.00
6696,  1.00
6697,  1.00
6698,  1.00
6699,  1.00
6700,  1.00
6701,  1.00
6702,  1.00
6703,  1.00
6704,  1.00
6705,  1.00
6706,  1.00
6707,  1.00
6708,  1.00
6709,  1.00
6710,  1.00
6711,  1.00
6712,  1.00
6713,  1.00
6714,  1.00
6715,  1.00
6716,  1.00
6717,  1.00
6718,  1.00
6719,  1.00
6720,  1.00
6721,  1.00
6722,  1.00
6723,  1.00
6724,  1.00
6725,  1.00
6726,  1.00
6727,  1.00
6728,  1.00
6729,  1.00
6730,  1.00
6731,  1.00
6732,  1.00
6733,  1.00
6734,  1.00
6735,  1.00
6736,  1.00
6737,  1.00
6738,  1.00
6739,  1.00
6740,  1.00
6741,  1.00
6742,  1.00
6743,  1.00
6744,  1.00
6745,  1.00
6746,  1.00
6747,  1.00
6748,  1.00
6749,  1.00
6750,  1.00
6751,  1.00
6752,  1.00
6753,  1.00
6754,  1.00
6755,  1.00
6756,  1.00
6757,  1.00
6758,  1.00
6759,  1.00
6760,  1.00
6761,  1.00
6762,  1.00
6763,  1.00
6764,  1.00
6765,  1.00
6766,  1.00
6767,  1.00
6768,  1.00
6769,  1.00
6770,  1.00
6771,  1.00
6772,  1.00
6773,  1.00
6774,  1.00
6775,  1.00
6776,  1.00
6777,  1.00
6778,  1.00
6779,  1.00
6780,  1.00
6781,  1.00
6782,  1.00
6783,  1.00
6784,  1.00
6785,  1.00
6786,  1.00
6787,  1.00
6788,  1.00
6789,  1.00
6790,  1.00
6791,  1.00
6792,  1.00
6793,  1.00
6794,  1.00
6795,  1.00
6796,  1.00
6797,  1.00
6798,  1.00
6799,  1.00
6800,  1.00
6801,  1.00
6802,  1.00
6803,  1.00
6804,  1.00
6805,  1.00
6806,  1.00
6807,  1.00
6808,  1.00
6809,  1.00
6810,  1.00
6811,  1.00
6812,  1.00
6813,  1.00
6814,  1.00
6815,  1.00
6816,  1.00
6817,  1.00
6818,  1.00
6819,  1.00
6820,  1.00
6821,  1.00
6822,  1.00
6823,  1.00
6824,  1.00
6825,  1.00
6826,  1.00
6827,  1.00
6828,  1.00
6829,  1.00
6830,  1.00
6831,  1.00
6832,  1.00
6833,  1.00
6834,  1.00
6835,  1.00
6836,  1.00
6837,  1.00
6838,  1.00
6839,  1.00
6840,  1.00
6841,  1.00
6842,  1.00
6843,  1.00
6844,  1.00
6845,  1.00
6846,  1.00
6847,  1.00
6848,  1.00
6849,  1.00
6850,  1.00
6851,  1.00
6852,  1.00
6853,  1.00
6854,  1.00
6855,  1.00
6856,  1.00
6857,  1.00
6858,  1.00
6859,  1.00
6860,  1.00
6861,  1.00
6862,  1.00
6863,  1.00
6864,  1.00
6865,  1.00
6866,  1.00
6867,  1.00
6868,  1.00
6869,  1.00
6870,  1.00
6871,  1.00
6872,  1.00
6873,  1.00
6874,  1.00
6875,  1.00
6876,  1.00
6877,  1.00
6878,  1.00
6879,  1.00
6880,  1.00
6881,  1.00
6882,  1.00
6883,  1.00
6884,  1.00
6885,  1.00
6886,  1.00
6887,  1.00
6888,  1.00
6889,  1.00
6890,  1.00
6891,  1.00
6892,  1.00
6893,  1.00
6894,  1.00
6895,  1.00
6896,  1.00
6897,  1.00
6898,  1.00
6899,  1.00
6900,  1.00
6901,  1.00
6902,  1.00
6903,  1.00
6904,  1.00
6905,  1.00
6906,  1.00
6907,  1.00
6908,  1.00
6909,  1.00
6910,  1.00
6911,  1.00
6912,  1.00
6913,  1.00
6914,  1.00
6915,  1.00
6916,  1.00
6917,  1.00
6918,  1.00
6919,  1.00
6920,  1.00
6921,  1.00
6922,  1.00
6923,  1.00
6924,  1.00
6925,  1.00
6926,  1.00
6927,  1.00
6928,  1.00
6929,  1.00
6930,  1.00
6931,  1.00
6932,  1.00
6933,  1.00
6934,  1.00
6935,  1.00
6936,  1.00
6937,  1.00
6938,  1.00
6939,  1.00
6940,  1.00
6941,  1.00
6942,  1.00
6943,  1.00
6944,  1.00
6945,  1.00
6946,  1.00
6947,  1.00
6948,  1.00
6949,  1.00
6950,  1.00
6951,  1.00
6952,  1.00
6953,  1.00
6954,  1.00
6955,  1.00
6956,  1.00
6957,  1.00
6958,  1.00
6959,  1.00
6960,  1.00
6961,  1.00
6962,  1.00
6963,  1.00
6964,  1.00
6965,  1.00
6966,  1.00
6967,  1.00
6968,  1.00
6969,  1.00
6970,  0.55
6971,  0.00
6972,  0.00
6973,  0.04
6974,  0.19
6975,  0.10
6976,  0.35
6977,  0.47
6978,  0.29
6979,  0.28
6980,  0.19
6981,  0.60
6982,  0.29
6983,  0.23
6984,  0.48
6985,  0.00
6986,  0.21
6987,  0.31
6988,  0.12
6989,  0.02
6990,  0.05
6991,  0.03
6992,  0.12
6993,  0.32
6994,  0.03
6995,  0.00
6996,  0.00
6997,  0.00
6998,  0.07
6999,  0.11
7000,  0.00
7001,  0.00
7002,  0.00
7003,  0.01
7004,  0.00
7005,  0.01
7006,  0.00
7007,  0.01
7008,  0.00
7009,  0.00
7010,  0.01
7011,  0.01
7012,  0.05
7013,  0.00
7014,  0.00
7015,  0.05
7016,  0.03
7017,  0.32
7018,  0.54
7019,  0.61
7020,  0.71
7021,  0.81
7022,  0.85
7023,  0.87
7024,  0.88
7025,  0.89
7026,  0.91
7027,  0.85
7028,  0.80
7029,  0.87
7030,  0.89
7031,  0.82
7032,  0.81
7033,  0.73
7034,  0.84
7035,  0.95
7036,  0.93
7037,  0.81
7038,  0.71
7039,  0.81
7040,  0.68
7041,  0.73
7042,  0.87
7043,  0.87
7044,  0.83
7045,  0.93
7046,  0.96
7047,  0.97
7048,  0.97
7049,  0.93
7050,  0.58
7051,  0.44
7052,  0.93
7053,  0.92
7054,  0.89
7055,  0.71
7056,  0.72
7057,  0.78
7058,  0.63
7059,  0.93
7060,  0.93
7061,  0.85
7062,  0.80
7063,  0.63
7064,  0.49
7065,  0.40
7066,  0.24
7067,  0.22
7068,  0.75
7069,  0.92
7070,  0.89
7071,  0.36
7072,  0.19
7073,  0.49
7074,  0.92
7075,  0.94
7076,  0.95
7077,  0.96
7078,  0.94
7079,  0.75
7080,  0.56
7081,  0.83
7082,  0.90
7083,  0.89
7084,  0.80
7085,  0.85
7086,  0.66
7087,  0.60
7088,  0.71
7089,  0.61
7090,  0.60
7091,  0.81
7092,  0.82
7093,  0.77
7094,  0.91
7095,  0.84
7096,  0.96
7097,  0.89
7098,  0.86
7099,  0.94
7100,  0.98
7101,  0.93
7102,  0.90
7103,  0.87
7104,  0.84
7105,  0.85
7106,  0.92
7107,  0.87
7108,  0.92
7109,  0.95
7110,  0.95
7111,  0.90
7112,  0.98
7113,  0.98
7114,  0.98
7115,  0.92
7116,  0.95
7117,  0.97
7118,  0.95
7119,  0.96
7120,  0.95
7121,  0.98
7122,  0.88
7123,  0.79
7124,  0.94
7125,  0.98
7126,  0.91
7127,  0.99
7128,  0.95
7129,  0.94
7130,  0.97
7131,  0.97
7132,  0.97
7133,  0.72
7134,  0.91
7135,  0.98
7136,  0.97
7137,  0.98
7138,  0.97
7139,  0.98
7140,  0.86
7141,  0.75
7142,  0.82
7143,  0.81
7144,  0.50
7145,  0.96
7146,  0.97
7147,  1.00
7148,  1.00
7149,  0.99
7150,  0.99
7151,  0.85
7152,  0.74
7153,  0.93
7154,  0.89
7155,  0.32
7156,  0.86
7157,  0.98
7158,  0.98
7159,  0.86
7160,  0.81
7161,  0.73
7162,  0.98
7163,  0.89
7164,  0.91
7165,  0.74
7166,  0.92
7167,  0.55
7168,  0.25
7169,  0.60
7170,  0.58
7171,  0.56
7172,  0.68
7173,  0.70
7174,  0.80
7175,  0.79
7176,  0.85
7177,  0.79
7178,  0.93
7179,  0.79
7180,  0.80
7181,  0.91
7182,  0.85
7183,  0.94
7184,  0.84
7185,  0.96
7186,  0.87
7187,  0.81
7188,  0.84
7189,  0.86
7190,  0.88
7191,  0.97
7192,  0.63
7193,  0.81
7194,  0.98
7195,  0.93
7196,  0.83
7197,  0.87
7198,  0.89
7199,  0.48
7200,  0.81
7201,  0.73
7202,  0.98
7203,  0.98
7204,  0.96
7205,  0.96
7206,  0.87
7207,  0.89
7208,  0.77
7209,  0.77
7210,  0.96
7211,  0.98
7212,  0.87
7213,  0.96
7214,  0.90
7215,  0.98
7216,  0.98
7217,  1.00
7218,  1.00
7219,  1.00
7220,  1.00
7221,  1.00
7222,  1.00
7223,  1.00
7224,  1.00
7225,  1.00
7226,  1.00
7227,  1.00
7228,  1.00
7229,  0.99
7230,  1.00
7231,  0.99
7232,  1.00
7233,  0.99
7234,  0.99
7235,  0.99
7236,  0.98
7237,  1.00
7238,  0.99
7239,  0.98
7240,  0.98
7241,  0.99
7242,  0.98
7243,  0.93
7244,  0.94
7245,  0.92
7246,  0.98
7247,  0.97
7248,  0.99
7249,  0.98
7250,  0.99
7251,  0.99
7252,  0.99
7253,  0.97
7254,  0.97
7255,  0.99
7256,  0.99
7257,  1.00
7258,  0.99
7259,  1.00
7260,  1.00
7261,  1.00
7262,  1.00
7263,  1.00
7264,  0.41
7265,  0.01
7266,  0.05
7267,  0.30
7268,  0.14
7269,  0.44
7270,  0.35
7271,  0.33
7272,  0.59
7273,  0.62
7274,  0.62
7275,  0.73
7276,  0.71
7277,  0.50
7278,  0.67
7279,  0.88
7280,  0.61
7281,  0.70
7282,  0.40
7283,  0.50
7284,  0.44
7285,  0.15
7286,  0.32
7287,  0.53
7288,  0.66
7289,  0.71
7290,  0.79
7291,  0.77
7292,  0.68
7293,  0.74
7294,  0.67
7295,  0.37
7296,  0.32
7297,  0.20
7298,  0.81
7299,  0.94
7300,  0.97
7301,  0.88
7302,  0.57
7303,  0.46
7304,  0.21
7305,  0.45
7306,  0.56
7307,  0.27
7308,  0.11
7309,  0.25
7310,  0.15
7311,  0.26
7312,  0.24
7313,  0.13
7314,  0.07
7315,  0.07
7316,  0.23
7317,  0.35
7318,  0.24
7319,  0.04
7320,  0.08
7321,  0.24
7322,  0.09
7323,  0.47
7324,  0.59
7325,  0.44
7326,  0.17
7327,  0.41
7328,  0.51
7329,  0.25
7330,  0.18
7331,  0.24
7332,  0.13
7333,  0.33
7334,  0.54
7335,  0.47
7336,  0.37
7337,  0.29
7338,  0.38
7339,  0.51
7340,  0.78
7341,  0.49
7342,  0.78
7343,  0.74
7344,  0.34
7345,  0.60
7346,  0.07
7347,  0.60
7348,  0.50
7349,  0.55
7350,  0.73
7351,  0.81
7352,  0.68
7353,  0.96
7354,  0.90
7355,  0.92
7356,  0.88
7357,  0.95
7358,  0.66
7359,  0.85
7360,  0.95
7361,  1.00
7362,  1.00
7363,  0.66
7364,  0.43
7365,  0.54
7366,  0.49
7367,  0.78
7368,  0.55
7369,  0.78
7370,  0.80
7371,  0.92
7372,  0.80
7373,  0.90
7374,  0.89
7375,  0.77
7376,  0.94
7377,  0.93
7378,  0.94
7379,  0.84
7380,  0.97
7381,  0.90
7382,  0.94
7383,  0.98
7384,  0.99
7385,  0.99
7386,  0.95
7387,  0.86
7388,  0.91
7389,  0.78
7390,  0.85
7391,  0.91
7392,  0.96
7393,  0.80
7394,  0.90
7395,  0.94
7396,  0.97
7397,  0.93
7398,  0.86
7399,  0.93
7400,  0.99
7401,  1.00
7402,  0.98
7403,  1.00
7404,  1.00
7405,  1.00
7406,  0.99
7407,  1.00
7408,  1.00
7409,  1.00
7410,  1.00
7411,  1.00
7412,  1.00
7413,  1.00
7414,  1.00
7415,  1.00
7416,  1.00
7417,  1.00
7418,  0.85
7419,  0.73
7420,  0.90
7421,  0.98
7422,  1.00
7423,  0.97
7424,  1.00
7425,  1.00
7426,  0.97
7427,  0.93
7428,  0.89
7429,  0.85
7430,  0.66
7431,  0.96
7432,  0.84
7433,  0.89
7434,  0.90
7435,  0.91
7436,  0.88
7437,  0.98
7438,  0.99
7439,  0.99
7440,  1.00
7441,  1.00
7442,  1.00
7443,  1.00
7444,  1.00
7445,  1.00
7446,  1.00
7447,  1.00
7448,  1.00
7449,  1.00
7450,  1.00
7451,  1.00
7452,  1.00
7453,  1.00
7454,  1.00
7455,  1.00
7456,  1.00
7457,  1.00
7458,  1.00
7459,  1.00
7460,  1.00
7461,  1.00
7462,  1.00
7463,  1.00
7464,  1.00
7465,  1.00
7466,  1.00
7467,  1.00
7468,  1.00
7469,  1.00
7470,  1.00
7471,  1.00
7472,  1.00
7473,  1.00
7474,  1.00
7475,  1.00
7476,  1.00
7477,  1.00
7478,  1.00
7479,  1.00
7480,  1.00
7481,  1.00
7482,  1.00
7483,  1.00
7484,  1.00
7485,  1.00
7486,  1.00
7487,  1.00
7488,  1.00
7489,  1.00
7490,  1.00
7491,  1.00
7492,  1.00
7493,  1.00
7494,  1.00
7495,  1.00
7496,  0.92
7497,  1.00
7498,  1.00
7499,  1.00
7500,  0.99
7501,  1.00
7502,  1.00
7503,  1.00
7504,  1.00
7505,  1.00
7506,  1.00
7507,  1.00
7508,  1.00
7509,  1.00
7510,  1.00
7511,  1.00
7512,  1.00
7513,  1.00
7514,  1.00
7515,  1.00
7516,  1.00
7517,  1.00
7518,  1.00
7519,  0.96
7520,  0.96
7521,  1.00
7522,  1.00
7523,  1.00
7524,  1.00
7525,  1.00
7526,  1.00
7527,  1.00
7528,  1.00
7529,  1.00
7530,  1.00
7531,  1.00
7532,  1.00
7533,  1.00
7534,  1.00
7535,  1.00
7536,  1.00
7537,  1.00
7538,  1.00
7539,  1.00
7540,  1.00
7541,  1.00
7542,  0.98
7543,  0.24
7544,  0.50
7545,  0.42
7546,  0.52
7547,  0.38
7548,  0.78
7549,  0.67
7550,  0.95
7551,  0.92
7552,  0.89
7553,  1.00
7554,  0.99
7555,  0.98
7556,  0.98
7557,  0.98
7558,  0.96
7559,  1.00
7560,  1.00
7561,  1.00
7562,  1.00
7563,  1.00
7564,  1.00
7565,  1.00
7566,  1.00
7567,  1.00
7568,  1.00
7569,  0.99
7570,  1.00
7571,  1.00
7572,  1.00
7573,  1.00
7574,  1.00
7575,  1.00
7576,  1.00
7577,  1.00
7578,  0.98
7579,  1.00
7580,  0.99
7581,  1.00
7582,  1.00
7583,  1.00
7584,  0.99
7585,  1.00
7586,  1.00
7587,  1.00
7588,  1.00
7589,  1.00
7590,  1.00
7591,  1.00
7592,  1.00
7593,  1.00
7594,  1.00
7595,  1.00
7596,  1.00
7597,  1.00
7598,  1.00
7599,  1.00
7600,  1.00
7601,  0.98
7602,  0.92
7603,  0.92
7604,  0.87
7605,  0.99
7606,  1.00
7607,  0.96
7608,  0.82
7609,  0.87
7610,  0.94
7611,  0.94
7612,  0.89
7613,  0.79
7614,  0.98
7615,  1.00
7616,  1.00
7617,  1.00
7618,  1.00
7619,  1.00
7620,  0.96
7621,  0.99
7622,  0.98
7623,  1.00
7624,  1.00
7625,  1.00
7626,  1.00
7627,  1.00
7628,  0.99
