1,  0.12
2,  0.09
3,  0.10
4,  0.10
5,  0.11
6,  0.10
7,  0.10
8,  0.11
9,  0.13
10,  0.12
11,  0.12
12,  0.13
13,  0.14
14,  0.17
15,  0.19
16,  0.25
17,  0.33
18,  0.39
19,  0.44
20,  0.52
21,  0.49
22,  0.56
23,  0.55
24,  0.43
25,  0.43
26,  0.44
27,  0.44
28,  0.46
29,  0.49
30,  0.53
31,  0.54
32,  0.55
33,  0.60
34,  0.64
35,  0.58
36,  0.65
37,  0.65
38,  0.67
39,  0.66
40,  0.64
41,  0.66
42,  0.67
43,  0.68
44,  0.69
45,  0.69
46,  0.71
47,  0.71
48,  0.73
49,  0.73
50,  0.72
51,  0.74
52,  0.73
53,  0.77
54,  0.76
55,  0.72
56,  0.75
57,  0.77
58,  0.77
59,  0.72
60,  0.74
61,  0.74
62,  0.78
63,  0.76
64,  0.77
65,  0.78
66,  0.76
67,  0.77
68,  0.79
69,  0.79
70,  0.77
71,  0.80
72,  0.75
73,  0.76
74,  0.78
75,  0.78
76,  0.75
77,  0.76
78,  0.80
79,  0.77
80,  0.79
81,  0.78
82,  0.78
83,  0.79
84,  0.76
85,  0.79
86,  0.77
87,  0.78
88,  0.82
89,  0.75
90,  0.80
91,  0.78
92,  0.81
93,  0.78
94,  0.82
95,  0.80
96,  0.80
97,  0.80
98,  0.79
99,  0.81
100,  0.81
101,  0.80
102,  0.78
103,  0.82
104,  0.81
105,  0.78
106,  0.80
107,  0.78
108,  0.80
109,  0.82
110,  0.81
111,  0.76
112,  0.79
113,  0.81
114,  0.78
115,  0.80
116,  0.81
117,  0.82
118,  0.79
119,  0.81
120,  0.83
121,  0.79
122,  0.83
123,  0.82
124,  0.84
125,  0.83
126,  0.84
127,  0.82
128,  0.81
129,  0.82
130,  0.84
131,  0.85
132,  0.81
133,  0.82
134,  0.81
135,  0.82
136,  0.83
137,  0.83
138,  0.82
139,  0.82
140,  0.83
141,  0.80
142,  0.85
143,  0.84
144,  0.83
145,  0.84
146,  0.83
147,  0.83
148,  0.84
149,  0.83
150,  0.83
151,  0.83
152,  0.82
153,  0.85
154,  0.85
155,  0.83
156,  0.84
157,  0.84
158,  0.84
159,  0.84
160,  0.84
161,  0.84
162,  0.85
163,  0.85
164,  0.81
165,  0.86
166,  0.85
167,  0.86
168,  0.85
169,  0.83
170,  0.85
171,  0.85
172,  0.86
173,  0.84
174,  0.86
175,  0.82
176,  0.86
177,  0.85
178,  0.88
179,  0.85
180,  0.84
181,  0.86
182,  0.85
183,  0.83
184,  0.85
185,  0.84
186,  0.84
187,  0.86
188,  0.84
189,  0.84
190,  0.88
191,  0.86
192,  0.85
193,  0.85
194,  0.85
195,  0.85
196,  0.87
197,  0.85
198,  0.88
199,  0.85
200,  0.85
201,  0.87
202,  0.85
203,  0.87
204,  0.85
205,  0.85
206,  0.87
207,  0.88
208,  0.86
209,  0.85
210,  0.87
211,  0.88
212,  0.86
213,  0.85
214,  0.86
215,  0.85
216,  0.86
217,  0.86
218,  0.87
219,  0.87
220,  0.85
221,  0.85
222,  0.86
223,  0.86
224,  0.87
225,  0.86
226,  0.85
227,  0.85
228,  0.87
229,  0.86
230,  0.86
231,  0.86
232,  0.85
233,  0.83
234,  0.83
235,  0.84
236,  0.85
237,  0.85
238,  0.84
239,  0.83
240,  0.85
241,  0.84
242,  0.82
243,  0.83
244,  0.84
245,  0.83
246,  0.82
247,  0.86
248,  0.84
249,  0.86
250,  0.87
251,  0.84
252,  0.84
253,  0.83
254,  0.85
255,  0.86
256,  0.85
257,  0.85
258,  0.85
259,  0.84
260,  0.85
261,  0.85
262,  0.87
263,  0.84
264,  0.84
265,  0.84
266,  0.85
267,  0.84
268,  0.84
269,  0.85
270,  0.85
271,  0.82
272,  0.49
273,  0.80
274,  0.91
275,  0.81
276,  0.88
277,  0.84
278,  0.84
279,  0.83
280,  0.84
281,  0.83
282,  0.84
283,  0.84
284,  0.85
285,  0.84
286,  0.83
287,  0.83
288,  0.85
289,  0.85
290,  0.83
291,  0.82
292,  0.85
293,  0.82
294,  0.85
295,  0.86
296,  0.80
297,  0.81
298,  0.84
299,  0.83
300,  0.85
301,  0.83
302,  0.83
303,  0.81
304,  0.83
305,  0.79
306,  0.79
307,  0.83
308,  0.82
309,  0.82
310,  0.84
311,  0.83
312,  0.84
313,  0.84
314,  0.84
315,  0.82
316,  0.83
317,  0.80
318,  0.86
319,  0.85
320,  0.83
321,  0.82
322,  0.82
323,  0.85
324,  0.84
325,  0.83
326,  0.84
327,  0.84
328,  0.81
329,  0.79
330,  0.82
331,  0.82
332,  0.81
333,  0.83
334,  0.85
335,  0.82
336,  0.82
337,  0.82
338,  0.84
339,  0.83
340,  0.82
341,  0.85
342,  0.86
343,  0.84
344,  0.82
345,  0.83
346,  0.80
347,  0.83
348,  0.84
349,  0.86
350,  0.88
351,  0.87
352,  0.85
353,  0.85
354,  0.83
355,  0.84
356,  0.84
357,  0.86
358,  0.86
359,  0.84
360,  0.83
361,  0.87
362,  0.86
363,  0.83
364,  0.85
365,  0.85
366,  0.86
367,  0.85
368,  0.82
369,  0.84
370,  0.82
371,  0.86
372,  0.84
373,  0.82
374,  0.84
375,  0.85
376,  0.85
377,  0.86
378,  0.85
379,  0.84
380,  0.86
381,  0.85
382,  0.86
383,  0.88
384,  0.82
385,  0.86
386,  0.88
387,  0.82
388,  0.84
389,  0.86
390,  0.86
391,  0.85
392,  0.83
393,  0.86
394,  0.86
395,  0.84
396,  0.83
397,  0.85
398,  0.86
399,  0.82
400,  0.82
401,  0.83
402,  0.83
403,  0.81
404,  0.82
405,  0.82
406,  0.85
407,  0.83
408,  0.85
409,  0.83
410,  0.83
411,  0.86
412,  0.81
413,  0.85
414,  0.85
415,  0.83
416,  0.82
417,  0.82
418,  0.80
419,  0.80
420,  0.84
421,  0.86
422,  0.82
423,  0.82
424,  0.86
425,  0.86
426,  0.83
427,  0.79
428,  0.81
429,  0.80
430,  0.79
431,  0.83
432,  0.83
433,  0.82
434,  0.84
435,  0.82
436,  0.84
437,  0.82
438,  0.77
439,  0.83
440,  0.86
441,  0.80
442,  0.79
443,  0.84
444,  0.80
445,  0.78
446,  0.80
447,  0.81
448,  0.81
449,  0.78
450,  0.79
451,  0.80
452,  0.83
453,  0.80
454,  0.79
455,  0.74
456,  0.78
457,  0.80
458,  0.79
459,  0.79
460,  0.76
461,  0.76
462,  0.80
463,  0.77
464,  0.76
465,  0.79
466,  0.81
467,  0.77
468,  0.77
469,  0.82
470,  0.77
471,  0.76
472,  0.76
473,  0.77
474,  0.76
475,  0.80
476,  0.76
477,  0.78
478,  0.74
479,  0.76
480,  0.80
481,  0.77
482,  0.81
483,  0.80
484,  0.77
485,  0.77
486,  0.81
487,  0.74
488,  0.77
489,  0.75
490,  0.79
491,  0.78
492,  0.79
493,  0.73
494,  0.76
495,  0.80
496,  0.80
497,  0.74
498,  0.78
499,  0.78
500,  0.79
501,  0.76
502,  0.75
503,  0.76
504,  0.77
505,  0.80
506,  0.77
507,  0.74
508,  0.74
509,  0.77
510,  0.78
511,  0.78
512,  0.79
513,  0.80
514,  0.78
515,  0.79
516,  0.78
517,  0.79
518,  0.74
519,  0.76
520,  0.77
521,  0.77
522,  0.77
523,  0.79
524,  0.77
525,  0.78
526,  0.77
527,  0.78
528,  0.75
529,  0.74
530,  0.76
531,  0.75
532,  0.74
533,  0.76
534,  0.75
535,  0.75
536,  0.71
537,  0.70
538,  0.76
539,  0.76
540,  0.73
541,  0.74
542,  0.73
543,  0.75
544,  0.75
545,  0.80
546,  0.75
547,  0.78
548,  0.75
549,  0.77
550,  0.75
551,  0.75
552,  0.79
553,  0.77
554,  0.79
555,  0.88
556,  0.79
557,  0.73
558,  0.75
559,  0.79
560,  0.74
561,  0.74
562,  0.74
563,  0.78
564,  0.75
565,  0.78
566,  0.73
567,  0.78
568,  0.74
569,  0.72
570,  0.74
571,  0.77
572,  0.75
573,  0.76
574,  0.80
575,  0.78
576,  0.75
577,  0.72
578,  0.75
579,  0.77
580,  0.73
581,  0.77
582,  0.74
583,  0.73
584,  0.75
585,  0.73
586,  0.79
587,  0.75
588,  0.73
589,  0.73
590,  0.75
591,  0.77
592,  0.72
593,  0.71
594,  0.72
595,  0.74
596,  0.73
597,  0.76
598,  0.74
599,  0.78
600,  0.76
601,  0.77
602,  0.74
603,  0.75
604,  0.78
605,  0.74
606,  0.72
607,  0.72
608,  0.75
609,  0.73
610,  0.68
611,  0.79
612,  0.75
613,  0.80
614,  0.73
615,  0.72
616,  0.73
617,  0.74
618,  0.72
619,  0.75
620,  0.77
621,  0.76
622,  0.76
623,  0.74
624,  0.77
625,  0.75
626,  0.72
627,  0.74
628,  0.76
629,  0.75
630,  0.76
631,  0.75
632,  0.77
633,  0.78
634,  0.72
635,  0.73
636,  0.69
637,  0.69
638,  0.73
639,  0.75
640,  0.72
641,  0.73
642,  0.70
643,  0.74
644,  0.76
645,  0.74
646,  0.73
647,  0.75
648,  0.72
649,  0.73
650,  0.73
651,  0.74
652,  0.70
653,  0.73
654,  0.73
655,  0.63
656,  0.71
657,  0.71
658,  0.71
659,  0.76
660,  0.74
661,  0.72
662,  0.72
663,  0.70
664,  0.68
665,  0.73
666,  0.79
667,  0.72
668,  0.71
669,  0.71
670,  0.75
671,  0.75
672,  0.74
673,  0.76
674,  0.74
675,  0.72
676,  0.74
677,  0.72
678,  0.74
679,  0.74
680,  0.72
681,  0.73
682,  0.74
683,  0.72
684,  0.70
685,  0.75
686,  0.69
687,  0.74
688,  0.75
689,  0.71
690,  0.74
691,  0.73
692,  0.75
693,  0.77
694,  0.73
695,  0.74
696,  0.75
697,  0.71
698,  0.74
699,  0.72
700,  0.72
701,  0.68
702,  0.75
703,  0.76
704,  0.74
705,  0.77
706,  0.73
707,  0.74
708,  0.74
709,  0.69
710,  0.72
711,  0.75
712,  0.74
713,  0.76
714,  0.71
715,  0.76
716,  0.70
717,  0.71
718,  0.74
719,  0.72
720,  0.68
721,  0.75
722,  0.72
723,  0.73
724,  0.74
725,  0.73
726,  0.73
727,  0.72
728,  0.67
729,  0.71
730,  0.71
731,  0.75
732,  0.76
733,  0.75
734,  0.72
735,  0.74
736,  0.68
737,  0.72
738,  0.73
739,  0.74
740,  0.75
741,  0.74
742,  0.76
743,  0.76
744,  0.72
745,  0.70
746,  0.73
747,  0.74
748,  0.71
749,  0.71
750,  0.72
751,  0.69
752,  0.70
753,  0.68
754,  0.71
755,  0.76
756,  0.69
757,  0.72
758,  0.73
759,  0.69
760,  0.71
761,  0.69
762,  0.75
763,  0.74
764,  0.70
765,  0.73
766,  0.71
767,  0.69
768,  0.71
769,  0.72
770,  0.67
771,  0.71
772,  0.72
773,  0.72
774,  0.75
775,  0.71
776,  0.74
777,  0.68
778,  0.71
779,  0.69
780,  0.69
781,  0.68
782,  0.70
783,  0.65
784,  0.71
785,  0.74
786,  0.73
787,  0.75
788,  0.71
789,  0.73
790,  0.72
791,  0.66
792,  0.72
793,  0.70
794,  0.73
795,  0.76
796,  0.74
797,  0.70
798,  0.70
799,  0.71
800,  0.74
801,  0.75
802,  0.71
803,  0.69
804,  0.70
805,  0.74
806,  0.73
807,  0.75
808,  0.77
809,  0.70
810,  0.70
811,  0.75
812,  0.72
813,  0.73
814,  0.69
815,  0.72
816,  0.74
817,  0.74
818,  0.72
819,  0.70
820,  0.73
821,  0.69
822,  0.69
823,  0.74
824,  0.73
825,  0.73
826,  0.73
827,  0.69
828,  0.68
829,  0.71
830,  0.69
831,  0.70
832,  0.71
833,  0.74
834,  0.74
835,  0.71
836,  0.71
837,  0.71
838,  0.69
839,  0.71
840,  0.70
841,  0.70
842,  0.74
843,  0.74
844,  0.74
845,  0.69
846,  0.73
847,  0.71
848,  0.69
849,  0.71
850,  0.73
851,  0.72
852,  0.68
853,  0.69
854,  0.71
855,  0.72
856,  0.76
857,  0.71
858,  0.72
859,  0.71
860,  0.71
861,  0.72
862,  0.73
863,  0.71
864,  0.74
865,  0.73
866,  0.71
867,  0.70
868,  0.70
869,  0.74
870,  0.70
871,  0.74
872,  0.72
873,  0.69
874,  0.72
875,  0.73
876,  0.72
877,  0.73
878,  0.71
879,  0.72
880,  0.71
881,  0.69
882,  0.70
883,  0.70
884,  0.74
885,  0.70
886,  0.72
887,  0.72
888,  0.69
889,  0.69
890,  0.71
891,  0.71
892,  0.74
893,  0.73
894,  0.71
895,  0.71
896,  0.72
897,  0.70
898,  0.69
899,  0.72
900,  0.72
901,  0.72
902,  0.73
903,  0.70
904,  0.73
905,  0.68
906,  0.69
907,  0.71
908,  0.74
909,  0.70
910,  0.74
911,  0.71
912,  0.73
913,  0.72
914,  0.70
915,  0.76
916,  0.71
917,  0.69
918,  0.67
919,  0.74
920,  0.69
921,  0.71
922,  0.68
923,  0.73
924,  0.71
925,  0.70
926,  0.69
927,  0.72
928,  0.71
929,  0.70
930,  0.71
931,  0.76
932,  0.72
933,  0.71
934,  0.71
935,  0.69
936,  0.70
937,  0.70
938,  0.70
939,  0.71
940,  0.72
941,  0.74
942,  0.74
943,  0.75
944,  0.69
945,  0.72
946,  0.72
947,  0.72
948,  0.70
949,  0.70
950,  0.73
951,  0.68
952,  0.71
953,  0.74
954,  0.70
955,  0.70
956,  0.71
957,  0.70
958,  0.67
959,  0.68
960,  0.69
961,  0.70
962,  0.66
963,  0.70
964,  0.70
965,  0.73
966,  0.68
967,  0.74
968,  0.75
969,  0.67
970,  0.72
971,  0.68
972,  0.72
973,  0.72
974,  0.70
975,  0.68
976,  0.69
977,  0.72
978,  0.72
979,  0.69
980,  0.70
981,  0.70
982,  0.72
983,  0.68
984,  0.71
985,  0.70
986,  0.71
987,  0.67
988,  0.73
989,  0.71
990,  0.68
991,  0.72
992,  0.68
993,  0.71
994,  0.66
995,  0.71
996,  0.69
997,  0.74
998,  0.73
999,  0.72
1000,  0.71
1001,  0.74
1002,  0.72
1003,  0.71
1004,  0.71
1005,  0.71
1006,  0.68
1007,  0.67
1008,  0.74
1009,  0.70
1010,  0.70
1011,  0.69
1012,  0.70
1013,  0.71
1014,  0.68
1015,  0.69
1016,  0.67
1017,  0.68
1018,  0.69
1019,  0.73
1020,  0.71
1021,  0.70
1022,  0.74
1023,  0.67
1024,  0.70
1025,  0.72
1026,  0.72
1027,  0.70
1028,  0.70
1029,  0.72
1030,  0.70
1031,  0.75
1032,  0.70
1033,  0.68
1034,  0.70
1035,  0.70
1036,  0.71
1037,  0.69
1038,  0.69
1039,  0.69
1040,  0.71
1041,  0.66
1042,  0.73
1043,  0.70
1044,  0.68
1045,  0.68
1046,  0.67
1047,  0.68
1048,  0.68
1049,  0.66
1050,  0.71
1051,  0.68
1052,  0.67
1053,  0.68
1054,  0.68
1055,  0.67
1056,  0.69
1057,  0.70
1058,  0.69
1059,  0.67
1060,  0.71
1061,  0.72
1062,  0.69
1063,  0.68
1064,  0.70
1065,  0.70
1066,  0.65
1067,  0.72
1068,  0.65
1069,  0.69
1070,  0.69
1071,  0.72
1072,  0.68
1073,  0.67
1074,  0.67
1075,  0.68
1076,  0.67
1077,  0.67
1078,  0.66
1079,  0.68
1080,  0.67
1081,  0.69
1082,  0.67
1083,  0.68
1084,  0.73
1085,  0.69
1086,  0.68
1087,  0.67
1088,  0.68
1089,  0.66
1090,  0.70
1091,  0.69
1092,  0.69
1093,  0.69
1094,  0.68
1095,  0.70
1096,  0.71
1097,  0.69
1098,  0.71
1099,  0.67
1100,  0.68
1101,  0.68
1102,  0.68
1103,  0.71
1104,  0.68
1105,  0.70
1106,  0.69
1107,  0.72
1108,  0.68
1109,  0.66
1110,  0.66
1111,  0.70
1112,  0.69
1113,  0.69
1114,  0.66
1115,  0.67
1116,  0.69
1117,  0.65
1118,  0.70
1119,  0.66
1120,  0.70
1121,  0.68
1122,  0.63
1123,  0.70
1124,  0.68
1125,  0.69
1126,  0.71
1127,  0.69
1128,  0.67
1129,  0.68
1130,  0.71
1131,  0.69
1132,  0.67
1133,  0.69
1134,  0.68
1135,  0.70
1136,  0.70
1137,  0.68
1138,  0.68
1139,  0.68
1140,  0.67
1141,  0.70
1142,  0.68
1143,  0.68
1144,  0.66
1145,  0.68
1146,  0.67
1147,  0.68
1148,  0.68
1149,  0.70
1150,  0.67
1151,  0.63
1152,  0.69
1153,  0.67
1154,  0.71
1155,  0.67
1156,  0.69
1157,  0.69
1158,  0.69
1159,  0.75
1160,  0.65
1161,  0.69
1162,  0.63
1163,  0.72
1164,  0.72
1165,  0.66
1166,  0.69
1167,  0.65
1168,  0.66
1169,  0.69
1170,  0.68
1171,  0.64
1172,  0.68
1173,  0.70
1174,  0.68
1175,  0.65
1176,  0.70
1177,  0.70
1178,  0.63
1179,  0.71
1180,  0.68
1181,  0.66
1182,  0.67
1183,  0.66
1184,  0.63
1185,  0.65
1186,  0.71
1187,  0.66
1188,  0.72
1189,  0.65
1190,  0.68
1191,  0.70
1192,  0.65
1193,  0.69
1194,  0.66
1195,  0.64
1196,  0.74
1197,  0.67
1198,  0.66
1199,  0.64
1200,  0.64
1201,  0.66
1202,  0.66
1203,  0.69
1204,  0.65
1205,  0.66
1206,  0.69
1207,  0.68
1208,  0.72
1209,  0.71
1210,  0.66
1211,  0.67
1212,  0.68
1213,  0.70
1214,  0.68
1215,  0.65
1216,  0.65
1217,  0.67
1218,  0.67
1219,  0.66
1220,  0.68
1221,  0.69
1222,  0.65
1223,  0.69
1224,  0.73
1225,  0.66
1226,  0.67
1227,  0.67
1228,  0.64
1229,  0.66
1230,  0.66
1231,  0.64
1232,  0.66
1233,  0.73
1234,  0.67
1235,  0.66
1236,  0.66
1237,  0.63
1238,  0.67
1239,  0.68
1240,  0.70
1241,  0.72
1242,  0.68
1243,  0.66
1244,  0.69
1245,  0.68
1246,  0.69
1247,  0.75
1248,  0.77
1249,  0.75
1250,  0.65
1251,  0.75
1252,  0.73
1253,  0.72
1254,  0.71
1255,  0.68
1256,  0.71
1257,  0.66
1258,  0.66
1259,  0.68
1260,  0.67
1261,  0.67
1262,  0.72
1263,  0.68
1264,  0.68
1265,  0.74
1266,  0.68
1267,  0.72
1268,  0.61
1269,  0.69
1270,  0.65
1271,  0.63
1272,  0.66
1273,  0.69
1274,  0.68
1275,  0.69
1276,  0.69
1277,  0.67
1278,  0.65
1279,  0.67
1280,  0.67
1281,  0.64
1282,  0.66
1283,  0.68
1284,  0.63
1285,  0.67
1286,  0.65
1287,  0.67
1288,  0.68
1289,  0.68
1290,  0.68
1291,  0.71
1292,  0.65
1293,  0.64
1294,  0.66
1295,  0.65
1296,  0.65
1297,  0.64
1298,  0.72
1299,  0.68
1300,  0.67
1301,  0.64
1302,  0.65
1303,  0.68
1304,  0.69
1305,  0.65
1306,  0.63
1307,  0.66
1308,  0.63
1309,  0.65
1310,  0.61
1311,  0.69
1312,  0.65
1313,  0.68
1314,  0.64
1315,  0.62
1316,  0.69
1317,  0.66
1318,  0.69
1319,  0.69
1320,  0.59
1321,  0.66
1322,  0.65
1323,  0.66
1324,  0.66
1325,  0.69
1326,  0.64
1327,  0.64
1328,  0.62
1329,  0.67
1330,  0.66
1331,  0.65
1332,  0.65
1333,  0.67
1334,  0.64
1335,  0.63
1336,  0.67
1337,  0.68
1338,  0.68
1339,  0.66
1340,  0.71
1341,  0.64
1342,  0.68
1343,  0.66
1344,  0.63
1345,  0.65
1346,  0.66
1347,  0.69
1348,  0.69
1349,  0.61
1350,  0.72
1351,  0.67
1352,  0.71
1353,  0.67
1354,  0.64
1355,  0.65
1356,  0.71
1357,  0.68
1358,  0.64
1359,  0.64
1360,  0.67
1361,  0.68
1362,  0.69
1363,  0.76
1364,  0.76
1365,  0.73
1366,  0.77
1367,  0.78
1368,  0.79
1369,  0.75
1370,  0.76
1371,  0.72
1372,  0.75
1373,  0.97
1374,  0.94
1375,  0.95
1376,  0.96
1377,  0.98
1378,  0.98
1379,  0.97
1380,  0.97
1381,  0.97
1382,  0.98
1383,  0.98
1384,  0.97
1385,  0.97
1386,  0.97
1387,  0.97
1388,  0.97
1389,  0.95
1390,  0.96
1391,  0.97
1392,  0.98
1393,  0.97
1394,  0.96
1395,  0.96
1396,  0.96
1397,  0.96
1398,  0.97
1399,  0.96
1400,  0.96
1401,  0.96
1402,  0.83
1403,  0.00
1404,  0.00
1405,  0.00
1406,  0.00
1407,  0.00
1408,  0.00
1409,  0.00
1410,  0.00
1411,  0.00
1412,  0.00
1413,  0.00
1414,  0.00
1415,  0.00
1416,  0.00
1417,  0.00
1418,  0.00
1419,  0.00
1420,  0.00
1421,  0.00
1422,  0.00
1423,  0.00
1424,  0.00
1425,  0.00
1426,  0.00
1427,  0.00
1428,  0.00
1429,  0.00
1430,  0.00
1431,  0.00
1432,  0.00
1433,  0.00
1434,  0.00
1435,  0.00
1436,  0.00
1437,  0.00
1438,  0.00
1439,  0.00
1440,  0.00
1441,  0.00
1442,  0.00
1443,  0.00
1444,  0.00
1445,  0.00
1446,  0.00
1447,  0.00
1448,  0.00
1449,  0.00
1450,  0.00
1451,  0.00
1452,  0.00
1453,  0.00
1454,  0.00
1455,  0.00
1456,  0.00
1457,  0.00
1458,  0.00
1459,  0.00
1460,  0.00
1461,  0.00
1462,  0.00
1463,  0.00
1464,  0.00
1465,  0.00
1466,  0.00
1467,  0.00
1468,  0.00
1469,  0.00
1470,  0.00
1471,  0.00
1472,  0.00
1473,  0.00
1474,  0.00
1475,  0.00
1476,  0.00
1477,  0.00
1478,  0.00
1479,  0.00
1480,  0.00
1481,  0.00
1482,  0.00
1483,  0.00
1484,  0.00
1485,  0.00
1486,  0.00
1487,  0.00
1488,  0.00
1489,  0.00
1490,  0.00
1491,  0.00
1492,  0.00
1493,  0.00
1494,  0.00
1495,  0.00
1496,  0.00
1497,  0.00
1498,  0.00
1499,  0.00
1500,  0.00
1501,  0.00
1502,  0.00
1503,  0.00
1504,  0.00
1505,  0.00
1506,  0.00
1507,  0.00
1508,  0.00
1509,  0.00
1510,  0.00
1511,  0.00
1512,  0.00
1513,  0.00
1514,  0.00
1515,  0.00
1516,  0.00
1517,  0.00
1518,  0.00
1519,  0.00
1520,  0.00
1521,  0.00
1522,  0.00
1523,  0.00
1524,  0.00
1525,  0.00
1526,  0.00
1527,  0.00
1528,  0.00
1529,  0.00
1530,  0.00
1531,  0.00
1532,  0.00
1533,  0.00
1534,  0.00
1535,  0.00
1536,  0.00
1537,  0.00
1538,  0.00
1539,  0.00
1540,  0.00
1541,  0.00
1542,  0.01
1543,  0.00
1544,  0.00
1545,  0.00
1546,  0.00
1547,  0.00
1548,  0.00
1549,  0.04
1550,  0.31
1551,  0.21
1552,  0.20
1553,  0.31
1554,  0.27
1555,  0.09
1556,  0.04
1557,  0.05
1558,  0.08
1559,  0.07
1560,  0.06
1561,  0.10
1562,  0.10
1563,  0.10
1564,  0.05
1565,  0.12
1566,  0.02
1567,  0.19
1568,  0.20
1569,  0.29
1570,  0.45
1571,  0.41
1572,  0.75
1573,  0.88
1574,  0.86
1575,  0.82
1576,  0.82
1577,  0.85
1578,  0.91
1579,  0.93
1580,  0.91
1581,  0.91
1582,  0.95
1583,  0.91
1584,  0.91
1585,  0.92
1586,  0.95
1587,  0.97
1588,  0.97
1589,  0.97
1590,  0.97
1591,  0.97
1592,  0.96
1593,  0.95
1594,  0.95
1595,  0.96
1596,  0.95
1597,  0.94
1598,  0.93
1599,  0.95
1600,  0.95
1601,  0.92
1602,  0.91
1603,  0.92
1604,  0.92
1605,  0.93
1606,  0.93
1607,  0.90
1608,  0.92
1609,  0.91
1610,  0.91
1611,  0.91
1612,  0.91
1613,  0.92
1614,  0.87
1615,  0.93
1616,  0.94
1617,  0.92
1618,  0.93
1619,  0.93
1620,  0.92
1621,  0.93
1622,  0.88
1623,  0.92
1624,  0.93
1625,  0.93
1626,  0.93
1627,  0.92
1628,  0.92
1629,  0.84
1630,  0.80
1631,  0.80
1632,  0.83
1633,  0.83
1634,  0.82
1635,  0.79
1636,  0.79
1637,  0.76
1638,  0.84
1639,  0.81
1640,  0.81
1641,  0.80
1642,  0.81
1643,  0.79
1644,  0.79
1645,  0.79
1646,  0.78
1647,  0.76
1648,  0.82
1649,  0.83
1650,  0.88
1651,  0.83
1652,  0.83
1653,  0.84
1654,  0.86
1655,  0.87
1656,  0.87
1657,  0.87
1658,  0.90
1659,  0.90
1660,  0.92
1661,  0.93
1662,  0.93
1663,  0.93
1664,  0.95
1665,  0.95
1666,  0.95
1667,  0.93
1668,  0.94
1669,  0.95
1670,  0.96
1671,  0.95
1672,  0.96
1673,  0.96
1674,  0.96
1675,  0.89
1676,  0.70
1677,  0.95
1678,  0.95
1679,  0.95
1680,  0.93
1681,  0.92
1682,  0.91
1683,  0.87
1684,  0.87
1685,  0.88
1686,  0.88
1687,  0.90
1688,  0.91
1689,  0.92
1690,  0.92
1691,  0.92
1692,  0.93
1693,  0.93
1694,  0.91
1695,  0.90
1696,  0.91
1697,  0.89
1698,  0.90
1699,  0.90
1700,  0.89
1701,  0.90
1702,  0.91
1703,  0.92
1704,  0.93
1705,  0.93
1706,  0.94
1707,  0.95
1708,  0.96
1709,  0.96
1710,  0.96
1711,  0.98
1712,  0.98
1713,  0.99
1714,  0.97
1715,  0.97
1716,  0.97
1717,  0.97
1718,  0.97
1719,  0.97
1720,  0.99
1721,  0.98
1722,  0.99
1723,  0.99
1724,  0.99
1725,  0.99
1726,  0.99
1727,  0.99
1728,  0.99
1729,  0.99
1730,  0.87
1731,  0.92
1732,  0.94
1733,  0.93
1734,  0.93
1735,  0.92
1736,  0.92
1737,  0.92
1738,  0.93
1739,  0.93
1740,  0.94
1741,  0.94
1742,  0.91
1743,  0.89
1744,  0.90
1745,  0.90
1746,  0.92
1747,  0.93
1748,  0.93
1749,  0.94
1750,  0.92
1751,  0.93
1752,  0.91
1753,  0.91
1754,  0.91
1755,  0.92
1756,  0.92
1757,  0.93
1758,  0.89
1759,  0.87
1760,  0.87
1761,  0.88
1762,  0.89
1763,  0.90
1764,  0.90
1765,  0.90
1766,  0.90
1767,  0.91
1768,  0.90
1769,  0.91
1770,  0.92
1771,  0.91
1772,  0.92
1773,  0.91
1774,  0.92
1775,  0.93
1776,  0.93
1777,  0.93
1778,  0.93
1779,  0.93
1780,  0.93
1781,  0.93
1782,  0.91
1783,  0.93
1784,  0.93
1785,  0.93
1786,  0.94
1787,  0.93
1788,  0.94
1789,  0.93
1790,  0.94
1791,  0.95
1792,  0.95
1793,  0.95
1794,  0.95
1795,  0.95
1796,  0.96
1797,  0.95
1798,  0.96
1799,  0.96
1800,  0.96
1801,  0.96
1802,  0.96
1803,  0.96
1804,  0.96
1805,  0.97
1806,  0.96
1807,  0.97
1808,  0.96
1809,  0.97
1810,  0.97
1811,  0.97
1812,  0.97
1813,  0.97
1814,  0.97
1815,  0.97
1816,  0.97
1817,  0.97
1818,  0.97
1819,  0.97
1820,  0.97
1821,  0.97
1822,  0.97
1823,  0.96
1824,  0.96
1825,  0.96
1826,  0.97
1827,  0.96
1828,  0.97
1829,  0.97
1830,  0.97
1831,  0.95
1832,  0.94
1833,  0.95
1834,  0.97
1835,  0.96
1836,  0.96
1837,  0.96
1838,  0.87
1839,  0.93
1840,  0.94
1841,  0.94
1842,  0.94
1843,  0.94
1844,  0.95
1845,  0.95
1846,  0.95
1847,  0.96
1848,  0.95
1849,  0.96
1850,  0.95
1851,  0.94
1852,  0.94
1853,  0.96
1854,  0.96
1855,  0.96
1856,  0.95
1857,  0.96
1858,  0.95
1859,  0.97
1860,  0.96
1861,  0.97
1862,  0.97
1863,  0.96
1864,  0.97
1865,  0.96
1866,  0.97
1867,  0.96
1868,  0.96
1869,  0.96
1870,  0.97
1871,  0.96
1872,  0.95
1873,  0.96
1874,  0.96
1875,  0.96
1876,  0.97
1877,  0.97
1878,  0.96
1879,  0.97
1880,  0.97
1881,  0.96
1882,  0.96
1883,  0.98
1884,  0.97
1885,  0.97
1886,  0.98
1887,  0.97
1888,  0.96
1889,  0.97
1890,  0.97
1891,  0.97
1892,  0.97
1893,  0.98
1894,  0.98
1895,  0.98
1896,  0.98
1897,  0.98
1898,  0.97
1899,  0.98
1900,  0.97
1901,  0.98
1902,  0.98
1903,  0.98
1904,  0.99
1905,  0.98
1906,  0.97
1907,  0.98
1908,  0.98
1909,  0.98
1910,  0.98
1911,  0.98
1912,  0.98
1913,  0.98
1914,  0.97
1915,  0.99
1916,  0.99
1917,  0.98
1918,  0.99
1919,  0.99
1920,  0.99
1921,  0.99
1922,  0.98
1923,  0.99
1924,  0.98
1925,  0.99
1926,  0.98
1927,  0.98
1928,  0.98
1929,  0.97
1930,  0.98
1931,  0.99
1932,  0.99
1933,  0.98
1934,  0.97
1935,  0.98
1936,  0.97
1937,  0.98
1938,  0.98
1939,  0.99
1940,  0.99
1941,  0.99
1942,  0.98
1943,  0.99
1944,  0.99
1945,  0.98
1946,  0.99
1947,  0.99
1948,  0.98
1949,  0.99
1950,  0.99
1951,  0.97
1952,  0.98
1953,  0.99
1954,  0.99
1955,  0.98
1956,  0.98
1957,  0.96
1958,  0.98
1959,  0.99
1960,  0.98
1961,  0.98
1962,  0.98
1963,  0.98
1964,  0.98
1965,  0.97
1966,  0.96
1967,  0.96
1968,  0.96
1969,  0.97
1970,  0.98
1971,  0.97
1972,  0.98
1973,  0.98
1974,  0.98
1975,  0.98
1976,  0.98
1977,  0.98
1978,  0.98
1979,  0.98
1980,  0.98
1981,  0.98
1982,  0.98
1983,  0.98
1984,  0.98
1985,  0.98
1986,  0.98
1987,  0.96
1988,  0.97
1989,  0.98
1990,  0.99
1991,  0.99
1992,  0.99
1993,  0.99
1994,  0.98
1995,  0.97
1996,  0.98
1997,  0.98
1998,  0.97
1999,  0.97
2000,  0.98
2001,  0.98
2002,  0.98
2003,  0.98
2004,  0.99
2005,  0.98
2006,  0.97
2007,  0.97
2008,  0.98
2009,  0.99
2010,  0.98
2011,  0.96
2012,  0.96
2013,  0.97
2014,  0.98
2015,  0.98
2016,  0.98
2017,  0.98
2018,  0.99
2019,  0.98
2020,  0.98
2021,  0.98
2022,  0.98
2023,  0.97
2024,  0.98
2025,  0.98
2026,  0.98
2027,  0.99
2028,  0.99
2029,  0.99
2030,  0.98
2031,  0.98
2032,  0.98
2033,  0.98
2034,  0.98
2035,  0.98
2036,  0.99
2037,  0.98
2038,  0.99
2039,  0.99
2040,  0.98
2041,  0.98
2042,  0.98
2043,  0.98
2044,  0.98
2045,  0.88
2046,  0.94
2047,  0.88
2048,  0.95
2049,  0.98
2050,  0.98
2051,  0.98
2052,  0.70
2053,  0.86
2054,  0.92
2055,  0.95
2056,  0.96
2057,  0.97
2058,  0.97
2059,  0.98
2060,  0.97
2061,  0.97
2062,  0.96
2063,  0.96
2064,  0.97
2065,  0.95
2066,  0.97
2067,  0.97
2068,  0.97
2069,  0.93
2070,  0.95
2071,  0.96
2072,  0.97
2073,  0.98
2074,  0.98
2075,  0.98
2076,  0.98
2077,  0.99
2078,  0.99
2079,  0.98
2080,  0.99
2081,  0.99
2082,  0.98
2083,  0.99
2084,  0.99
2085,  0.99
2086,  0.98
2087,  0.98
2088,  0.98
2089,  0.98
2090,  0.97
2091,  0.98
2092,  0.98
2093,  0.98
2094,  0.98
2095,  0.99
2096,  0.98
2097,  0.99
2098,  0.95
2099,  0.98
2100,  0.99
2101,  0.99
2102,  1.00
2103,  1.00
2104,  1.00
2105,  0.99
2106,  0.99
2107,  0.99
2108,  0.99
2109,  0.99
2110,  0.99
2111,  0.99
2112,  0.97
2113,  0.99
2114,  0.99
2115,  0.98
2116,  0.99
2117,  0.98
2118,  0.98
2119,  0.99
2120,  0.98
2121,  0.98
2122,  0.99
2123,  0.99
2124,  0.98
2125,  0.98
2126,  0.98
2127,  0.98
2128,  0.99
2129,  0.99
2130,  0.98
2131,  0.99
2132,  0.99
2133,  0.98
2134,  0.99
2135,  0.98
2136,  0.99
2137,  0.99
2138,  0.98
2139,  0.98
2140,  0.99
2141,  0.99
2142,  0.98
2143,  0.98
2144,  0.99
2145,  0.99
2146,  0.99
2147,  0.98
2148,  1.00
2149,  0.99
2150,  0.98
2151,  0.99
2152,  0.99
2153,  0.99
2154,  0.98
2155,  0.99
2156,  0.99
2157,  0.99
2158,  0.97
2159,  0.85
2160,  0.85
2161,  0.95
2162,  0.97
2163,  0.98
2164,  0.98
2165,  0.98
2166,  0.99
2167,  0.99
2168,  0.96
2169,  0.97
2170,  0.97
2171,  0.98
2172,  0.98
2173,  0.98
2174,  0.99
2175,  0.99
2176,  0.99
2177,  0.99
2178,  0.99
2179,  0.98
2180,  0.99
2181,  0.99
2182,  0.99
2183,  0.98
2184,  0.99
2185,  0.98
2186,  0.98
2187,  0.99
2188,  0.99
2189,  0.99
2190,  0.99
2191,  0.99
2192,  0.99
2193,  0.99
2194,  0.99
2195,  0.98
2196,  0.98
2197,  0.98
2198,  0.99
2199,  0.99
2200,  0.98
2201,  0.98
2202,  0.99
2203,  0.99
2204,  0.99
2205,  0.99
2206,  0.99
2207,  0.99
2208,  0.99
2209,  0.99
2210,  0.99
2211,  0.99
2212,  0.98
2213,  0.99
2214,  0.99
2215,  0.99
2216,  0.98
2217,  0.99
2218,  0.99
2219,  0.99
2220,  0.99
2221,  0.98
2222,  0.99
2223,  0.99
2224,  0.98
2225,  0.99
2226,  0.99
2227,  0.98
2228,  0.99
2229,  0.99
2230,  0.98
2231,  0.99
2232,  0.99
2233,  0.99
2234,  0.99
2235,  0.98
2236,  0.99
2237,  0.99
2238,  0.99
2239,  0.99
2240,  0.99
2241,  0.98
2242,  0.99
2243,  0.98
2244,  0.99
2245,  0.99
2246,  0.99
2247,  0.99
2248,  0.99
2249,  0.98
2250,  0.99
2251,  0.98
2252,  0.98
2253,  0.99
2254,  0.99
2255,  0.99
2256,  0.99
2257,  0.98
2258,  0.99
2259,  0.99
2260,  0.99
2261,  0.99
2262,  0.99
2263,  0.99
2264,  0.99
2265,  0.99
2266,  0.99
2267,  0.99
2268,  0.99
2269,  0.99
2270,  0.99
2271,  0.99
2272,  0.99
2273,  0.98
2274,  0.99
2275,  0.99
2276,  0.98
2277,  0.99
2278,  0.99
2279,  0.99
2280,  0.99
2281,  0.98
2282,  0.98
2283,  1.00
2284,  0.99
2285,  0.98
2286,  0.97
2287,  0.98
2288,  0.98
2289,  0.99
2290,  0.99
2291,  0.99
2292,  0.99
2293,  0.99
2294,  0.99
2295,  0.99
2296,  0.99
2297,  0.99
2298,  0.99
2299,  0.99
2300,  0.98
2301,  0.99
2302,  0.99
2303,  0.98
2304,  0.99
2305,  0.99
2306,  0.98
2307,  0.98
2308,  0.99
2309,  0.99
2310,  0.98
2311,  0.98
2312,  0.99
2313,  0.98
2314,  0.99
2315,  0.99
2316,  0.99
2317,  0.99
2318,  0.99
2319,  0.99
2320,  0.99
2321,  0.99
2322,  0.99
2323,  0.99
2324,  0.98
2325,  0.99
2326,  0.99
2327,  0.99
2328,  0.99
2329,  0.99
2330,  0.98
2331,  0.99
2332,  0.99
2333,  0.99
2334,  0.99
2335,  0.99
2336,  0.98
2337,  0.99
2338,  0.99
2339,  0.99
2340,  0.99
2341,  0.98
2342,  0.99
2343,  0.99
2344,  0.99
2345,  0.99
2346,  0.99
2347,  0.99
2348,  0.99
2349,  0.99
2350,  0.99
2351,  0.99
2352,  0.99
2353,  0.99
2354,  0.99
2355,  0.99
2356,  0.99
2357,  0.98
2358,  0.99
2359,  0.99
2360,  0.99
2361,  0.99
2362,  0.99
2363,  0.99
2364,  0.99
2365,  0.99
2366,  0.99
2367,  0.99
2368,  0.99
2369,  0.99
2370,  0.99
2371,  0.99
2372,  0.98
2373,  0.99
2374,  0.99
2375,  0.99
2376,  0.99
2377,  0.99
2378,  0.99
2379,  0.99
2380,  0.99
2381,  0.99
2382,  0.99
2383,  0.99
2384,  0.99
2385,  0.99
2386,  0.99
2387,  0.98
2388,  0.98
2389,  0.99
2390,  0.99
2391,  0.99
2392,  0.99
2393,  0.99
2394,  0.99
2395,  0.99
2396,  0.99
2397,  0.99
2398,  0.99
2399,  0.99
2400,  0.99
2401,  0.99
2402,  0.99
2403,  0.98
2404,  0.99
2405,  0.99
2406,  0.99
2407,  0.99
2408,  0.99
2409,  0.99
2410,  0.99
2411,  0.99
2412,  0.99
2413,  0.98
2414,  0.99
2415,  0.99
2416,  0.99
2417,  0.99
2418,  0.99
2419,  0.99
2420,  0.99
2421,  0.98
2422,  0.99
2423,  0.99
2424,  0.99
2425,  0.99
2426,  0.99
2427,  0.99
2428,  0.99
2429,  0.99
2430,  0.99
2431,  0.99
2432,  0.98
2433,  0.97
2434,  0.99
2435,  0.98
2436,  0.99
2437,  0.99
2438,  0.98
2439,  0.99
2440,  0.99
2441,  0.99
2442,  0.99
2443,  0.99
2444,  0.99
2445,  0.99
2446,  0.99
2447,  0.99
2448,  0.99
2449,  0.99
2450,  0.99
2451,  0.99
2452,  0.99
2453,  0.99
2454,  0.99
2455,  0.99
2456,  0.99
2457,  0.99
2458,  0.99
2459,  0.99
2460,  0.99
2461,  0.99
2462,  0.99
2463,  0.99
2464,  0.99
2465,  0.98
2466,  0.99
2467,  0.99
2468,  0.99
2469,  0.98
2470,  0.99
2471,  0.99
2472,  0.99
2473,  0.99
2474,  0.99
2475,  0.99
2476,  0.98
2477,  0.99
2478,  0.99
2479,  0.99
2480,  0.99
2481,  0.99
2482,  0.99
2483,  0.99
2484,  0.99
2485,  0.99
2486,  0.99
2487,  0.98
2488,  0.99
2489,  0.99
2490,  0.99
2491,  0.99
2492,  0.99
2493,  0.99
2494,  0.99
2495,  0.98
2496,  0.99
2497,  0.99
2498,  0.99
2499,  0.99
2500,  0.99
2501,  0.99
2502,  1.00
2503,  0.99
2504,  0.99
2505,  0.99
2506,  0.99
2507,  0.99
2508,  0.99
2509,  0.99
2510,  0.99
2511,  0.99
2512,  0.99
2513,  0.99
2514,  0.99
2515,  0.99
2516,  1.00
2517,  0.99
2518,  0.99
2519,  0.99
2520,  0.99
2521,  0.99
2522,  0.99
2523,  0.98
2524,  1.00
2525,  0.99
2526,  0.99
2527,  0.99
2528,  0.99
2529,  0.99
2530,  0.99
2531,  0.99
2532,  0.99
2533,  0.99
2534,  0.99
2535,  0.99
2536,  0.99
2537,  0.99
2538,  0.99
2539,  1.00
2540,  0.99
2541,  0.99
2542,  1.00
2543,  0.99
2544,  0.99
2545,  0.99
2546,  0.99
2547,  0.99
2548,  0.99
2549,  0.99
2550,  0.98
2551,  0.99
2552,  0.99
2553,  0.99
2554,  0.99
2555,  0.99
2556,  0.99
2557,  0.99
2558,  0.99
2559,  0.99
2560,  0.99
2561,  0.99
2562,  0.99
2563,  0.99
2564,  0.99
2565,  0.99
2566,  0.99
2567,  0.99
2568,  0.99
2569,  1.00
2570,  0.98
2571,  0.99
2572,  0.99
2573,  0.99
2574,  0.99
2575,  0.99
2576,  0.99
2577,  0.99
2578,  0.99
2579,  0.99
2580,  0.99
2581,  0.99
2582,  0.99
2583,  0.99
2584,  0.99
2585,  0.99
2586,  0.99
2587,  0.99
2588,  0.99
2589,  0.99
2590,  0.99
2591,  0.99
2592,  0.99
2593,  0.99
2594,  0.99
2595,  0.99
2596,  0.99
2597,  0.99
2598,  0.99
2599,  0.99
2600,  0.99
2601,  0.99
2602,  0.99
2603,  0.99
2604,  0.99
2605,  0.99
2606,  0.99
2607,  0.99
2608,  0.99
2609,  0.99
2610,  1.00
2611,  0.99
2612,  0.99
2613,  0.99
2614,  0.99
2615,  0.99
2616,  0.98
2617,  0.99
2618,  0.98
2619,  0.99
2620,  0.99
2621,  0.99
2622,  0.99
2623,  0.99
2624,  0.99
2625,  0.98
2626,  0.99
2627,  0.99
2628,  0.99
2629,  0.99
2630,  0.99
2631,  0.98
2632,  0.99
2633,  0.99
2634,  0.99
2635,  0.99
2636,  0.99
2637,  0.98
2638,  0.99
2639,  0.99
2640,  0.99
2641,  0.99
2642,  0.99
2643,  0.99
2644,  0.99
2645,  0.99
2646,  0.99
2647,  0.99
2648,  0.99
2649,  0.99
2650,  0.99
2651,  0.99
2652,  0.99
2653,  0.99
2654,  0.99
2655,  0.99
2656,  0.99
2657,  0.99
2658,  0.99
2659,  0.99
2660,  0.99
2661,  0.99
2662,  0.99
2663,  0.99
2664,  0.99
2665,  0.99
2666,  0.99
2667,  0.97
2668,  1.00
2669,  0.99
2670,  0.99
2671,  0.99
2672,  0.99
2673,  0.99
2674,  0.99
2675,  0.99
2676,  0.99
2677,  0.99
2678,  0.99
2679,  0.99
2680,  1.00
2681,  0.99
2682,  0.99
2683,  1.00
2684,  0.99
2685,  0.99
2686,  0.99
2687,  0.99
2688,  0.99
2689,  0.99
2690,  0.99
2691,  0.99
2692,  0.98
2693,  0.98
2694,  0.99
2695,  0.99
2696,  0.99
2697,  0.99
2698,  0.99
2699,  0.99
2700,  0.99
2701,  0.99
2702,  0.99
2703,  0.99
2704,  0.99
2705,  0.99
2706,  0.99
2707,  0.99
2708,  0.99
2709,  0.99
2710,  0.99
2711,  0.99
2712,  0.99
2713,  0.99
2714,  1.00
2715,  0.99
2716,  1.00
2717,  0.99
2718,  0.99
2719,  0.99
2720,  0.99
2721,  0.99
2722,  0.99
2723,  0.99
2724,  0.99
2725,  0.99
2726,  0.98
2727,  0.99
2728,  0.99
2729,  0.99
2730,  0.99
2731,  0.99
2732,  0.98
2733,  0.99
2734,  0.99
2735,  0.99
2736,  1.00
2737,  0.99
2738,  0.99
2739,  1.00
2740,  1.00
2741,  1.00
2742,  0.99
2743,  0.99
2744,  0.99
2745,  0.99
2746,  1.00
2747,  0.98
2748,  1.00
2749,  1.00
2750,  0.99
2751,  0.98
2752,  0.99
2753,  1.00
2754,  0.99
2755,  0.99
2756,  0.99
2757,  0.98
2758,  0.99
2759,  0.99
2760,  0.99
2761,  0.99
2762,  0.99
2763,  0.99
2764,  0.99
2765,  0.99
2766,  0.99
2767,  0.99
2768,  0.99
2769,  1.00
2770,  0.99
2771,  0.93
2772,  0.99
2773,  0.99
2774,  0.99
2775,  1.00
2776,  0.99
2777,  0.99
2778,  0.99
2779,  1.00
2780,  1.00
2781,  1.00
2782,  0.99
2783,  0.99
2784,  0.99
2785,  1.00
2786,  0.99
2787,  0.99
2788,  0.99
2789,  0.99
2790,  0.99
2791,  0.99
2792,  0.99
2793,  0.99
2794,  0.99
2795,  0.99
2796,  0.99
2797,  0.99
2798,  0.99
2799,  0.99
2800,  0.99
2801,  0.99
2802,  0.99
2803,  0.99
2804,  0.99
2805,  0.99
2806,  1.00
2807,  0.99
2808,  0.99
2809,  0.99
2810,  0.99
2811,  0.99
2812,  0.99
2813,  0.99
2814,  0.99
2815,  0.99
2816,  0.99
2817,  0.99
2818,  0.99
2819,  0.99
2820,  0.99
2821,  0.99
2822,  0.99
2823,  0.99
2824,  0.99
2825,  0.99
2826,  0.99
2827,  0.99
2828,  0.99
2829,  0.99
2830,  0.99
2831,  0.99
2832,  0.99
2833,  0.99
2834,  0.99
2835,  0.99
2836,  0.99
2837,  0.99
2838,  0.99
2839,  0.99
2840,  0.99
2841,  0.99
2842,  0.99
2843,  0.99
2844,  0.99
2845,  0.99
2846,  0.99
2847,  0.99
2848,  0.99
2849,  0.99
2850,  0.99
2851,  0.99
2852,  0.99
2853,  0.99
2854,  0.99
2855,  0.99
2856,  0.99
2857,  0.99
2858,  0.99
2859,  0.99
2860,  0.99
2861,  0.99
2862,  0.99
2863,  0.99
2864,  0.99
2865,  0.99
2866,  0.99
2867,  0.99
2868,  0.99
2869,  0.99
2870,  0.99
2871,  0.99
2872,  0.99
2873,  0.99
2874,  0.99
2875,  0.99
2876,  0.99
2877,  0.99
2878,  0.99
2879,  0.99
2880,  1.00
2881,  0.99
2882,  0.99
2883,  0.99
2884,  0.99
2885,  0.99
2886,  0.99
2887,  0.99
2888,  0.99
2889,  0.99
2890,  0.99
2891,  0.99
2892,  0.99
2893,  0.99
2894,  0.99
2895,  0.99
2896,  1.00
2897,  0.99
2898,  0.99
2899,  0.99
2900,  0.99
2901,  0.99
2902,  0.99
2903,  0.99
2904,  0.99
2905,  0.99
2906,  0.99
2907,  0.99
2908,  0.99
2909,  0.99
2910,  0.99
2911,  0.99
2912,  0.99
2913,  0.99
2914,  0.99
2915,  1.00
2916,  0.99
2917,  0.99
2918,  0.99
2919,  0.99
2920,  0.99
2921,  0.99
2922,  0.99
2923,  0.99
2924,  0.99
2925,  0.99
2926,  0.99
2927,  0.99
2928,  1.00
2929,  0.99
2930,  0.99
2931,  0.99
2932,  0.99
2933,  1.00
2934,  0.98
2935,  0.99
2936,  1.00
2937,  0.99
2938,  0.99
2939,  0.99
2940,  0.99
2941,  0.99
2942,  0.99
2943,  0.99
2944,  0.99
2945,  0.99
2946,  0.99
2947,  0.99
2948,  1.00
2949,  0.99
2950,  0.99
2951,  0.99
2952,  0.99
2953,  0.99
2954,  0.99
2955,  0.99
2956,  0.98
2957,  0.99
2958,  0.99
2959,  0.99
2960,  0.99
2961,  0.99
2962,  0.99
2963,  0.99
2964,  0.99
2965,  0.99
2966,  0.99
2967,  0.99
2968,  0.99
2969,  0.99
2970,  0.99
2971,  0.99
2972,  0.99
2973,  0.99
2974,  0.99
2975,  0.98
2976,  0.99
2977,  0.99
2978,  0.98
2979,  0.99
2980,  0.99
2981,  0.99
2982,  0.99
2983,  0.99
2984,  0.99
2985,  0.99
2986,  0.99
2987,  0.99
2988,  0.99
2989,  0.99
2990,  0.99
2991,  0.99
2992,  0.99
2993,  0.99
2994,  0.99
2995,  0.99
2996,  0.99
2997,  0.99
2998,  0.99
2999,  0.99
3000,  0.99
3001,  0.99
3002,  0.99
3003,  0.99
3004,  1.00
3005,  0.99
3006,  0.99
3007,  0.99
3008,  0.99
3009,  0.99
3010,  0.99
3011,  0.99
3012,  0.99
3013,  0.99
3014,  1.00
3015,  0.99
3016,  0.99
3017,  0.99
3018,  1.00
3019,  0.99
3020,  0.99
3021,  1.00
3022,  0.99
3023,  0.99
3024,  0.99
3025,  0.99
3026,  0.99
3027,  0.99
3028,  0.99
3029,  0.98
3030,  0.99
3031,  0.99
3032,  0.99
3033,  0.99
3034,  0.99
3035,  0.99
3036,  0.99
3037,  0.99
3038,  0.99
3039,  0.99
3040,  0.99
3041,  0.99
3042,  0.99
3043,  1.00
3044,  0.99
3045,  0.99
3046,  1.00
3047,  0.99
3048,  0.99
3049,  0.99
3050,  0.99
3051,  0.99
3052,  0.99
3053,  0.99
3054,  0.99
3055,  0.99
3056,  0.99
3057,  0.99
3058,  0.99
3059,  0.99
3060,  0.99
3061,  0.99
3062,  0.99
3063,  0.99
3064,  0.99
3065,  0.99
3066,  0.99
3067,  0.99
3068,  0.99
3069,  0.99
3070,  0.99
3071,  0.99
3072,  0.99
3073,  0.99
3074,  0.99
3075,  0.99
3076,  0.99
3077,  0.99
3078,  0.99
3079,  0.99
3080,  0.98
3081,  0.99
3082,  0.99
3083,  0.99
3084,  0.99
3085,  0.99
3086,  0.99
3087,  0.99
3088,  0.99
3089,  0.99
3090,  1.00
3091,  0.99
3092,  1.00
3093,  0.99
3094,  0.99
3095,  0.99
3096,  0.99
3097,  0.99
3098,  0.99
3099,  0.99
3100,  0.99
3101,  0.99
3102,  0.99
3103,  0.99
3104,  1.00
3105,  0.99
3106,  0.99
3107,  0.99
3108,  0.99
3109,  1.00
3110,  0.99
3111,  0.99
3112,  0.99
3113,  0.99
3114,  0.99
3115,  0.99
3116,  0.99
3117,  1.00
3118,  1.00
3119,  1.00
3120,  0.99
3121,  0.99
3122,  0.99
3123,  0.99
3124,  0.99
3125,  0.99
3126,  0.99
3127,  0.99
3128,  0.99
3129,  0.99
3130,  0.98
3131,  1.00
3132,  0.99
3133,  0.99
3134,  0.99
3135,  0.99
3136,  0.99
3137,  0.99
3138,  0.99
3139,  0.99
3140,  0.99
3141,  0.99
3142,  0.99
3143,  0.99
3144,  0.99
3145,  1.00
3146,  0.99
3147,  0.99
3148,  1.00
3149,  0.99
3150,  0.99
3151,  0.99
3152,  0.99
3153,  0.99
3154,  0.99
3155,  0.99
3156,  0.99
3157,  0.99
3158,  0.99
3159,  0.99
3160,  0.99
3161,  0.99
3162,  0.99
3163,  0.99
3164,  1.00
3165,  0.99
3166,  0.99
3167,  0.99
3168,  0.99
3169,  0.99
3170,  1.00
3171,  0.99
3172,  0.99
3173,  0.99
3174,  0.99
3175,  0.99
3176,  0.99
3177,  0.99
3178,  0.99
3179,  0.99
3180,  1.00
3181,  0.99
3182,  1.00
3183,  0.99
3184,  1.00
3185,  0.99
3186,  0.98
3187,  0.98
3188,  0.99
3189,  0.99
3190,  0.99
3191,  1.00
3192,  0.99
3193,  1.00
3194,  0.99
3195,  0.99
3196,  0.99
3197,  0.99
3198,  0.99
3199,  0.99
3200,  0.99
3201,  0.99
3202,  0.99
3203,  0.99
3204,  0.99
3205,  0.99
3206,  1.00
3207,  0.99
3208,  0.99
3209,  1.00
3210,  1.00
3211,  0.99
3212,  0.99
3213,  0.99
3214,  1.00
3215,  0.99
3216,  0.99
3217,  0.99
3218,  0.99
3219,  0.99
3220,  0.99
3221,  0.99
3222,  0.99
3223,  1.00
3224,  1.00
3225,  0.99
3226,  1.00
3227,  0.99
3228,  0.99
3229,  0.99
3230,  0.99
3231,  0.99
3232,  0.99
3233,  0.99
3234,  0.99
3235,  0.99
3236,  0.99
3237,  1.00
3238,  0.99
3239,  0.99
3240,  0.99
3241,  0.99
3242,  1.00
3243,  0.99
3244,  0.99
3245,  0.99
3246,  0.99
3247,  0.99
3248,  1.00
3249,  0.99
3250,  0.99
3251,  0.99
3252,  0.99
3253,  0.99
3254,  0.99
3255,  0.99
3256,  0.99
3257,  1.00
3258,  0.99
3259,  0.99
3260,  0.99
3261,  0.99
3262,  0.99
3263,  0.99
3264,  0.99
3265,  0.99
3266,  1.00
3267,  0.99
3268,  0.99
3269,  0.99
3270,  0.99
3271,  0.99
3272,  1.00
3273,  1.00
3274,  0.99
3275,  0.99
3276,  0.99
3277,  0.99
3278,  0.99
3279,  0.98
3280,  0.99
3281,  0.99
3282,  0.99
3283,  0.99
3284,  0.99
3285,  0.99
3286,  0.99
3287,  1.00
3288,  0.99
3289,  0.99
3290,  0.99
3291,  0.99
3292,  0.99
3293,  0.99
3294,  0.98
3295,  1.00
3296,  0.99
3297,  0.99
3298,  0.99
3299,  0.99
3300,  0.99
3301,  1.00
3302,  0.99
3303,  0.99
3304,  0.99
3305,  0.99
3306,  0.99
3307,  0.99
3308,  0.99
3309,  0.99
3310,  0.99
3311,  0.99
3312,  0.99
3313,  1.00
3314,  0.99
3315,  0.99
3316,  0.99
3317,  0.99
3318,  0.99
3319,  1.00
3320,  0.99
3321,  0.99
3322,  0.99
3323,  1.00
3324,  0.99
3325,  0.99
3326,  0.99
3327,  1.00
3328,  0.99
3329,  0.99
3330,  1.00
3331,  0.99
3332,  0.99
3333,  1.00
3334,  0.99
3335,  0.99
3336,  0.99
3337,  0.99
3338,  1.00
3339,  0.99
3340,  0.99
3341,  1.00
3342,  0.99
3343,  0.99
3344,  0.99
3345,  0.99
3346,  0.99
3347,  0.99
3348,  0.99
3349,  0.99
3350,  0.99
3351,  0.99
3352,  0.99
3353,  0.99
3354,  0.99
3355,  0.99
3356,  1.00
3357,  1.00
3358,  0.99
3359,  0.99
3360,  0.99
3361,  0.99
3362,  0.99
3363,  0.99
3364,  0.99
3365,  0.99
3366,  0.99
3367,  0.99
3368,  1.00
3369,  1.00
3370,  0.99
3371,  0.99
3372,  0.99
3373,  0.99
3374,  0.99
3375,  0.99
3376,  0.99
3377,  0.99
3378,  1.00
3379,  0.99
3380,  0.99
3381,  0.99
3382,  0.99
3383,  0.99
3384,  1.00
3385,  0.99
3386,  0.99
3387,  1.00
3388,  0.99
3389,  1.00
3390,  0.99
3391,  1.00
3392,  0.99
3393,  0.99
3394,  1.00
3395,  1.00
3396,  0.99
3397,  1.00
3398,  1.00
3399,  0.99
3400,  0.99
3401,  0.99
3402,  0.99
3403,  0.99
3404,  1.00
3405,  1.00
3406,  0.99
3407,  0.99
3408,  0.99
3409,  1.00
3410,  1.00
3411,  0.99
3412,  0.99
3413,  0.99
3414,  0.99
3415,  0.99
3416,  0.99
3417,  0.99
3418,  0.99
3419,  0.99
3420,  0.99
3421,  0.99
3422,  1.00
3423,  0.99
3424,  0.99
3425,  0.99
3426,  0.99
3427,  0.99
3428,  0.99
3429,  1.00
3430,  0.99
3431,  0.99
3432,  0.99
3433,  0.99
3434,  0.99
3435,  0.99
3436,  0.99
3437,  0.99
3438,  0.99
3439,  1.00
3440,  0.99
3441,  1.00
3442,  0.99
3443,  0.99
3444,  0.99
3445,  1.00
3446,  0.99
3447,  0.99
3448,  0.99
3449,  0.99
3450,  0.99
3451,  0.99
3452,  0.99
3453,  0.99
3454,  0.99
3455,  0.99
3456,  0.99
3457,  0.99
3458,  0.99
3459,  0.99
3460,  0.99
3461,  0.99
3462,  0.99
3463,  0.99
3464,  0.99
3465,  0.99
3466,  0.99
3467,  0.99
3468,  0.99
3469,  0.99
3470,  0.99
3471,  0.99
3472,  0.99
3473,  0.99
3474,  0.99
3475,  0.99
3476,  0.99
3477,  0.99
3478,  0.99
3479,  0.99
3480,  0.99
3481,  0.99
3482,  0.99
3483,  0.99
3484,  0.99
3485,  0.99
3486,  0.98
3487,  0.99
3488,  0.99
3489,  0.99
3490,  0.99
3491,  0.99
3492,  0.99
3493,  0.99
3494,  0.99
3495,  0.99
3496,  0.99
3497,  0.99
3498,  1.00
3499,  0.99
3500,  0.99
3501,  0.99
3502,  0.99
3503,  0.99
3504,  0.99
3505,  1.00
3506,  0.99
3507,  0.99
3508,  0.99
3509,  0.99
3510,  0.99
3511,  0.99
3512,  0.99
3513,  0.99
3514,  0.99
3515,  0.99
3516,  0.98
3517,  1.00
3518,  1.00
3519,  0.99
3520,  1.00
3521,  0.99
3522,  0.99
3523,  0.99
3524,  0.99
3525,  1.00
3526,  1.00
3527,  0.99
3528,  0.99
3529,  0.99
3530,  0.99
3531,  0.99
3532,  1.00
3533,  1.00
3534,  0.99
3535,  0.99
3536,  0.99
3537,  0.99
3538,  0.99
3539,  0.99
3540,  0.99
3541,  1.00
3542,  0.99
3543,  0.99
3544,  0.99
3545,  0.99
3546,  0.99
3547,  0.99
3548,  0.99
3549,  0.99
3550,  0.99
3551,  0.99
3552,  0.99
3553,  0.99
3554,  0.99
3555,  0.99
3556,  1.00
3557,  1.00
3558,  0.96
3559,  0.99
3560,  0.99
3561,  0.99
3562,  0.99
3563,  0.99
3564,  0.99
3565,  0.99
3566,  1.00
3567,  0.99
3568,  1.00
3569,  0.99
3570,  0.99
3571,  0.99
3572,  0.99
3573,  0.99
3574,  0.99
3575,  0.99
3576,  0.99
3577,  0.99
3578,  1.00
3579,  0.99
3580,  0.99
3581,  1.00
3582,  0.99
3583,  0.99
3584,  0.99
3585,  0.99
3586,  0.99
3587,  0.99
3588,  0.99
3589,  0.99
3590,  0.99
3591,  0.99
3592,  0.99
3593,  1.00
3594,  1.00
3595,  0.99
3596,  0.99
3597,  0.99
3598,  0.99
3599,  0.99
3600,  0.99
3601,  0.99
3602,  0.99
3603,  0.99
3604,  0.99
3605,  1.00
3606,  0.99
3607,  1.00
3608,  0.99
3609,  1.00
3610,  0.99
3611,  1.00
3612,  0.99
3613,  0.99
3614,  0.99
3615,  0.99
3616,  0.99
3617,  0.99
3618,  0.99
3619,  0.99
3620,  0.99
3621,  0.99
3622,  1.00
3623,  0.99
3624,  0.99
3625,  0.99
3626,  0.99
3627,  0.99
3628,  0.99
3629,  0.99
3630,  0.99
3631,  0.99
3632,  0.99
3633,  0.99
3634,  0.99
3635,  0.99
3636,  1.00
3637,  0.99
3638,  0.99
3639,  0.99
3640,  1.00
3641,  0.99
3642,  0.99
3643,  0.99
3644,  0.99
3645,  0.99
3646,  1.00
3647,  0.99
3648,  1.00
3649,  0.99
3650,  1.00
3651,  0.99
3652,  0.99
3653,  0.99
3654,  0.99
3655,  0.99
3656,  0.99
3657,  0.98
3658,  1.00
3659,  0.99
3660,  0.99
3661,  0.99
3662,  0.99
3663,  0.99
3664,  0.99
3665,  1.00
3666,  0.99
3667,  0.99
3668,  0.99
3669,  0.99
3670,  1.00
3671,  0.99
3672,  0.99
3673,  0.99
3674,  0.99
3675,  0.99
3676,  0.99
3677,  0.99
3678,  0.99
3679,  0.99
3680,  0.99
3681,  1.00
3682,  0.99
3683,  1.00
3684,  0.99
3685,  0.99
3686,  1.00
3687,  1.00
3688,  0.99
3689,  1.00
3690,  0.99
3691,  0.99
3692,  0.99
3693,  1.00
3694,  0.99
3695,  0.99
3696,  0.99
3697,  1.00
3698,  1.00
3699,  0.99
3700,  0.99
3701,  0.99
3702,  0.99
3703,  0.99
3704,  0.99
3705,  0.99
3706,  1.00
3707,  0.99
3708,  0.99
3709,  1.00
3710,  0.99
3711,  1.00
3712,  0.99
3713,  0.99
3714,  0.99
3715,  0.99
3716,  0.99
3717,  0.99
3718,  0.99
3719,  0.99
3720,  1.00
3721,  0.99
3722,  0.99
3723,  0.99
3724,  0.99
3725,  0.99
3726,  0.99
3727,  0.99
3728,  0.98
3729,  1.00
3730,  1.00
3731,  0.99
3732,  0.99
3733,  0.99
3734,  0.98
3735,  1.00
3736,  1.00
3737,  0.99
3738,  1.00
3739,  0.99
3740,  0.99
3741,  0.99
3742,  1.00
3743,  0.99
3744,  1.00
3745,  0.99
3746,  0.99
3747,  0.99
3748,  0.99
3749,  0.99
3750,  0.99
3751,  0.99
3752,  0.99
3753,  0.99
3754,  0.98
3755,  0.99
3756,  0.99
3757,  1.00
3758,  0.99
3759,  0.99
3760,  0.99
3761,  1.00
3762,  0.99
3763,  0.99
3764,  0.99
3765,  0.99
3766,  1.00
3767,  0.99
3768,  0.99
3769,  0.99
3770,  0.99
3771,  0.99
3772,  0.99
3773,  0.99
3774,  0.99
3775,  0.99
3776,  1.00
3777,  0.99
3778,  0.99
3779,  0.99
3780,  0.99
3781,  0.99
3782,  0.99
3783,  1.00
3784,  0.99
3785,  1.00
3786,  0.99
3787,  0.99
3788,  0.99
3789,  1.00
3790,  0.99
3791,  0.99
3792,  1.00
3793,  0.99
3794,  0.99
3795,  0.99
3796,  0.99
3797,  0.99
3798,  0.99
3799,  1.00
3800,  0.99
3801,  0.99
3802,  0.99
3803,  0.99
3804,  0.99
3805,  0.99
3806,  0.99
3807,  0.99
3808,  0.99
3809,  0.99
3810,  0.99
3811,  1.00
3812,  1.00
3813,  0.99
3814,  0.99
3815,  0.99
3816,  0.99
3817,  1.00
3818,  0.99
3819,  0.99
3820,  0.99
3821,  0.99
3822,  0.99
3823,  0.99
3824,  0.99
3825,  0.99
3826,  0.99
3827,  0.99
3828,  0.99
3829,  0.99
3830,  0.99
3831,  0.99
3832,  0.99
3833,  0.99
3834,  0.99
3835,  0.99
3836,  0.99
3837,  1.00
3838,  1.00
3839,  0.99
3840,  0.99
3841,  1.00
3842,  0.99
3843,  0.99
3844,  0.99
3845,  0.99
3846,  0.99
3847,  1.00
3848,  1.00
3849,  0.99
3850,  1.00
3851,  0.99
3852,  0.99
3853,  0.99
3854,  0.99
3855,  0.99
3856,  0.99
3857,  1.00
3858,  0.99
3859,  0.99
3860,  0.99
3861,  1.00
3862,  0.99
3863,  1.00
3864,  0.99
3865,  0.99
3866,  0.99
3867,  0.99
3868,  0.99
3869,  1.00
3870,  0.99
3871,  1.00
3872,  1.00
3873,  0.99
3874,  1.00
3875,  1.00
3876,  0.99
3877,  0.99
3878,  0.99
3879,  0.99
3880,  0.99
3881,  0.99
3882,  0.99
3883,  0.99
3884,  0.99
3885,  1.00
3886,  0.99
3887,  1.00
3888,  0.99
3889,  0.99
3890,  1.00
3891,  0.99
3892,  1.00
3893,  1.00
3894,  0.99
3895,  0.99
3896,  0.99
3897,  0.99
3898,  0.99
3899,  0.99
3900,  0.99
3901,  0.99
3902,  0.99
3903,  1.00
3904,  0.99
3905,  0.99
3906,  1.00
3907,  0.99
3908,  0.99
3909,  0.99
3910,  1.00
3911,  0.99
3912,  0.99
3913,  0.99
3914,  0.99
3915,  0.99
3916,  0.99
3917,  0.99
3918,  0.99
3919,  1.00
3920,  1.00
3921,  0.99
3922,  0.99
3923,  0.98
3924,  0.99
3925,  0.99
3926,  1.00
3927,  0.99
3928,  0.99
3929,  1.00
3930,  0.99
3931,  0.99
3932,  1.00
3933,  1.00
3934,  0.99
3935,  0.99
3936,  1.00
3937,  1.00
3938,  0.99
3939,  0.99
3940,  0.99
3941,  1.00
3942,  0.99
3943,  1.00
3944,  0.99
3945,  0.99
3946,  0.99
3947,  0.99
3948,  1.00
3949,  0.99
3950,  0.99
3951,  1.00
3952,  0.99
3953,  0.99
3954,  0.99
3955,  0.99
3956,  0.99
3957,  0.99
3958,  0.99
3959,  0.99
3960,  0.99
3961,  0.99
3962,  0.99
3963,  0.99
3964,  0.99
3965,  0.99
3966,  0.99
3967,  0.99
3968,  0.99
3969,  0.99
3970,  0.99
3971,  0.99
3972,  0.99
3973,  0.99
3974,  0.98
3975,  1.00
3976,  0.99
3977,  1.00
3978,  1.00
3979,  0.99
3980,  1.00
3981,  0.99
3982,  0.99
3983,  0.99
3984,  0.99
3985,  1.00
3986,  0.99
3987,  0.99
3988,  0.99
3989,  0.99
3990,  1.00
3991,  1.00
3992,  0.99
3993,  0.99
3994,  0.99
3995,  0.99
3996,  0.99
3997,  0.99
3998,  0.99
3999,  0.99
4000,  0.99
4001,  0.99
4002,  0.99
4003,  0.99
4004,  1.00
4005,  0.99
4006,  0.99
4007,  0.99
4008,  0.99
4009,  0.99
4010,  0.99
4011,  0.99
4012,  0.99
4013,  0.99
4014,  1.00
4015,  0.99
4016,  0.99
4017,  1.00
4018,  0.99
4019,  0.99
4020,  1.00
4021,  0.99
4022,  0.99
4023,  0.99
4024,  1.00
4025,  0.99
4026,  1.00
4027,  0.99
4028,  0.99
4029,  0.99
4030,  0.99
4031,  0.99
4032,  0.99
4033,  0.99
4034,  0.99
4035,  0.99
4036,  0.99
4037,  0.99
4038,  0.99
4039,  0.99
4040,  0.99
4041,  0.99
4042,  0.99
4043,  0.99
4044,  0.98
4045,  0.99
4046,  1.00
4047,  0.99
4048,  0.99
4049,  0.99
4050,  0.99
4051,  0.99
4052,  0.99
4053,  0.99
4054,  1.00
4055,  0.98
4056,  1.00
4057,  0.99
4058,  1.00
4059,  1.00
4060,  1.00
4061,  0.99
4062,  0.99
4063,  0.99
4064,  0.99
4065,  0.99
4066,  0.99
4067,  1.00
4068,  0.99
4069,  0.99
4070,  0.99
4071,  0.99
4072,  0.99
4073,  0.99
4074,  0.99
4075,  1.00
4076,  0.99
4077,  0.99
4078,  0.99
4079,  0.99
4080,  0.99
4081,  1.00
4082,  1.00
4083,  0.99
4084,  0.99
4085,  1.00
4086,  0.99
4087,  0.99
4088,  0.99
4089,  0.99
4090,  0.99
4091,  0.99
4092,  0.99
4093,  0.99
4094,  0.99
4095,  0.99
4096,  0.99
4097,  1.00
4098,  1.00
4099,  0.99
4100,  0.99
4101,  0.99
4102,  0.99
4103,  0.99
4104,  1.00
4105,  0.99
4106,  1.00
4107,  0.99
4108,  0.99
4109,  0.99
4110,  0.99
4111,  1.00
4112,  1.00
4113,  1.00
4114,  1.00
4115,  1.00
4116,  0.99
4117,  0.99
4118,  0.99
4119,  0.99
4120,  0.99
4121,  1.00
4122,  0.99
4123,  0.99
4124,  0.99
4125,  1.00
4126,  0.99
4127,  0.99
4128,  1.00
4129,  0.99
4130,  0.99
4131,  0.99
4132,  1.00
4133,  1.00
4134,  1.00
4135,  1.00
4136,  0.99
4137,  0.99
4138,  0.99
4139,  1.00
4140,  0.99
4141,  0.99
4142,  0.99
4143,  1.00
4144,  0.99
4145,  1.00
4146,  0.99
4147,  0.99
4148,  0.99
4149,  0.99
4150,  0.99
4151,  1.00
4152,  0.99
4153,  0.99
4154,  0.99
4155,  1.00
4156,  0.99
4157,  0.99
4158,  0.99
4159,  1.00
4160,  0.99
4161,  0.99
4162,  1.00
4163,  0.99
4164,  0.99
4165,  1.00
4166,  0.99
4167,  0.99
4168,  0.99
4169,  1.00
4170,  0.99
4171,  0.99
4172,  1.00
4173,  0.99
4174,  0.99
4175,  1.00
4176,  0.99
4177,  1.00
4178,  0.99
4179,  0.99
4180,  1.00
4181,  0.99
4182,  0.99
4183,  0.99
4184,  0.99
4185,  1.00
4186,  1.00
4187,  0.99
4188,  0.99
4189,  0.99
4190,  1.00
4191,  0.99
4192,  0.99
4193,  1.00
4194,  1.00
4195,  0.99
4196,  1.00
4197,  0.99
4198,  1.00
4199,  1.00
4200,  0.99
4201,  0.99
4202,  0.99
4203,  0.99
4204,  0.99
4205,  1.00
4206,  0.99
4207,  1.00
4208,  1.00
4209,  0.99
4210,  0.99
4211,  1.00
4212,  0.99
4213,  0.99
4214,  1.00
4215,  0.99
4216,  0.99
4217,  0.99
4218,  0.99
4219,  0.99
4220,  0.99
4221,  0.99
4222,  0.99
4223,  0.99
4224,  0.99
4225,  1.00
4226,  0.99
4227,  1.00
4228,  0.99
4229,  0.99
4230,  1.00
4231,  0.99
4232,  0.99
4233,  0.99
4234,  0.99
4235,  0.99
4236,  1.00
4237,  0.99
4238,  1.00
4239,  0.99
4240,  0.99
4241,  1.00
4242,  0.99
4243,  1.00
4244,  0.99
4245,  0.99
4246,  0.99
4247,  1.00
4248,  1.00
4249,  0.99
4250,  0.99
4251,  1.00
4252,  1.00
4253,  0.99
4254,  1.00
4255,  1.00
4256,  0.99
4257,  0.99
4258,  0.99
4259,  0.99
4260,  0.99
4261,  1.00
4262,  0.99
4263,  0.99
4264,  1.00
4265,  0.99
4266,  0.98
4267,  1.00
4268,  1.00
4269,  1.00
4270,  1.00
4271,  0.99
4272,  0.99
4273,  0.99
4274,  1.00
4275,  0.99
4276,  0.99
4277,  0.99
4278,  1.00
4279,  1.00
4280,  0.99
4281,  1.00
4282,  1.00
4283,  0.99
4284,  0.99
4285,  0.99
4286,  1.00
4287,  0.99
4288,  0.99
4289,  1.00
4290,  0.99
4291,  1.00
4292,  0.99
4293,  1.00
4294,  1.00
4295,  0.99
4296,  0.99
4297,  1.00
4298,  0.99
4299,  0.99
4300,  1.00
4301,  0.99
4302,  0.99
4303,  0.99
4304,  1.00
4305,  0.99
4306,  0.99
4307,  0.99
4308,  0.99
4309,  0.99
4310,  0.99
4311,  0.99
4312,  0.99
4313,  0.99
4314,  0.99
4315,  0.99
4316,  1.00
4317,  1.00
4318,  0.99
4319,  0.99
4320,  1.00
4321,  0.99
4322,  1.00
4323,  0.99
4324,  1.00
4325,  0.99
4326,  1.00
4327,  0.99
4328,  0.99
4329,  0.99
4330,  1.00
4331,  0.99
4332,  0.99
4333,  1.00
4334,  0.99
4335,  0.99
4336,  0.99
4337,  1.00
4338,  0.99
4339,  1.00
4340,  1.00
4341,  0.99
4342,  0.97
4343,  0.99
4344,  1.00
4345,  1.00
4346,  0.99
4347,  0.99
4348,  1.00
4349,  0.99
4350,  1.00
4351,  1.00
4352,  0.99
4353,  0.99
4354,  1.00
4355,  0.99
4356,  0.99
4357,  1.00
4358,  0.99
4359,  1.00
4360,  0.99
4361,  0.99
4362,  0.99
4363,  0.99
4364,  0.99
4365,  0.99
4366,  0.99
4367,  0.99
4368,  0.99
4369,  0.99
4370,  0.99
4371,  1.00
4372,  0.99
4373,  1.00
4374,  1.00
4375,  0.99
4376,  0.99
4377,  1.00
4378,  0.99
4379,  0.99
4380,  1.00
4381,  0.99
4382,  0.99
4383,  0.99
4384,  1.00
4385,  0.99
4386,  1.00
4387,  0.99
4388,  0.99
4389,  0.99
4390,  1.00
4391,  0.99
4392,  1.00
4393,  0.99
4394,  0.99
4395,  0.99
4396,  1.00
4397,  1.00
4398,  0.99
4399,  0.99
4400,  1.00
4401,  0.99
4402,  0.99
4403,  1.00
4404,  0.99
4405,  1.00
4406,  0.99
4407,  0.99
4408,  0.99
4409,  0.99
4410,  0.99
4411,  0.99
4412,  1.00
4413,  0.99
4414,  0.99
4415,  0.99
4416,  0.99
4417,  0.99
4418,  0.99
4419,  0.99
4420,  1.00
4421,  1.00
4422,  0.99
4423,  0.99
4424,  0.99
4425,  0.99
4426,  1.00
4427,  0.99
4428,  0.99
4429,  1.00
4430,  1.00
4431,  0.99
4432,  0.99
4433,  0.99
4434,  1.00
4435,  0.99
4436,  0.99
4437,  0.99
4438,  1.00
4439,  0.99
4440,  1.00
4441,  0.99
4442,  0.99
4443,  0.99
4444,  0.99
4445,  0.99
4446,  1.00
4447,  0.99
4448,  1.00
4449,  1.00
4450,  0.99
4451,  1.00
4452,  0.99
4453,  1.00
4454,  1.00
4455,  0.99
4456,  0.99
4457,  0.99
4458,  1.00
4459,  0.99
4460,  1.00
4461,  0.99
4462,  0.99
4463,  0.99
4464,  1.00
4465,  0.99
4466,  1.00
4467,  1.00
4468,  1.00
4469,  0.99
4470,  1.00
4471,  1.00
4472,  0.99
4473,  0.99
4474,  1.00
4475,  0.99
4476,  1.00
4477,  0.99
4478,  1.00
4479,  0.99
4480,  0.99
4481,  0.99
4482,  1.00
4483,  0.99
4484,  0.99
4485,  0.99
4486,  0.99
4487,  0.99
4488,  0.99
4489,  1.00
4490,  1.00
4491,  0.99
4492,  0.99
4493,  0.99
4494,  0.99
4495,  0.99
4496,  1.00
4497,  0.99
4498,  0.99
4499,  0.99
4500,  0.99
4501,  1.00
4502,  0.99
4503,  1.00
4504,  0.99
4505,  1.00
4506,  1.00
4507,  0.99
4508,  1.00
4509,  0.99
4510,  1.00
4511,  0.99
4512,  0.99
4513,  0.99
4514,  1.00
4515,  0.99
4516,  0.99
4517,  0.99
4518,  1.00
4519,  1.00
4520,  0.99
4521,  1.00
4522,  0.99
4523,  0.99
4524,  0.99
4525,  1.00
4526,  0.99
4527,  0.99
4528,  0.99
4529,  1.00
4530,  0.99
4531,  1.00
4532,  0.99
4533,  1.00
4534,  0.99
4535,  0.99
4536,  0.99
4537,  0.99
4538,  0.99
4539,  0.99
4540,  0.99
4541,  0.99
4542,  1.00
4543,  0.99
4544,  0.99
4545,  0.99
4546,  1.00
4547,  0.99
4548,  1.00
4549,  1.00
4550,  0.99
4551,  0.98
4552,  1.00
4553,  1.00
4554,  0.99
4555,  0.99
4556,  1.00
4557,  1.00
4558,  1.00
4559,  0.99
4560,  0.99
4561,  0.99
4562,  0.99
4563,  0.99
4564,  1.00
4565,  0.99
4566,  0.99
4567,  0.99
4568,  1.00
4569,  0.99
4570,  0.99
4571,  1.00
4572,  0.99
4573,  1.00
4574,  1.00
4575,  1.00
4576,  0.99
4577,  0.99
4578,  0.99
4579,  0.99
4580,  0.99
4581,  0.99
4582,  0.99
4583,  0.99
4584,  0.99
4585,  0.99
4586,  1.00
4587,  1.00
4588,  0.99
4589,  0.99
4590,  0.99
4591,  0.98
4592,  0.99
4593,  0.99
4594,  1.00
4595,  0.99
4596,  1.00
4597,  1.00
4598,  0.99
4599,  0.99
4600,  0.99
4601,  0.99
4602,  1.00
4603,  1.00
4604,  1.00
4605,  1.00
4606,  0.99
4607,  1.00
4608,  1.00
4609,  0.99
4610,  1.00
4611,  0.99
4612,  0.99
4613,  1.00
4614,  1.00
4615,  1.00
4616,  0.99
4617,  0.99
4618,  0.99
4619,  0.99
4620,  0.99
4621,  1.00
4622,  0.99
4623,  1.00
4624,  1.00
4625,  1.00
4626,  0.99
4627,  1.00
4628,  0.99
4629,  1.00
4630,  0.98
4631,  1.00
4632,  1.00
4633,  1.00
4634,  0.99
4635,  0.99
4636,  0.99
4637,  0.99
4638,  0.99
4639,  0.99
4640,  0.99
4641,  0.99
4642,  1.00
4643,  1.00
4644,  1.00
4645,  0.99
4646,  0.99
4647,  1.00
4648,  1.00
4649,  1.00
4650,  0.99
4651,  0.99
4652,  1.00
4653,  1.00
4654,  1.00
4655,  0.99
4656,  0.99
4657,  0.99
4658,  0.99
4659,  0.99
4660,  0.99
4661,  1.00
4662,  0.99
4663,  0.99
4664,  0.98
4665,  0.99
4666,  1.00
4667,  1.00
4668,  0.99
4669,  0.99
4670,  1.00
4671,  0.99
4672,  1.00
4673,  0.95
4674,  0.99
4675,  0.99
4676,  0.99
4677,  1.00
4678,  0.99
4679,  1.00
4680,  0.99
4681,  0.99
4682,  1.00
4683,  1.00
4684,  0.99
4685,  0.99
4686,  1.00
4687,  0.99
4688,  0.99
4689,  1.00
4690,  0.99
4691,  0.99
4692,  0.99
4693,  1.00
4694,  0.99
4695,  1.00
4696,  1.00
4697,  0.99
4698,  0.99
4699,  0.99
4700,  1.00
4701,  0.99
4702,  0.99
4703,  0.99
4704,  1.00
4705,  0.99
4706,  0.99
4707,  1.00
4708,  0.99
4709,  1.00
4710,  0.99
4711,  1.00
4712,  0.99
4713,  0.99
4714,  1.00
4715,  0.99
4716,  1.00
4717,  1.00
4718,  1.00
4719,  0.99
4720,  1.00
4721,  0.99
4722,  1.00
4723,  0.99
4724,  0.99
4725,  0.99
4726,  0.99
4727,  1.00
4728,  0.99
4729,  1.00
4730,  0.99
4731,  0.99
4732,  0.99
4733,  0.99
4734,  1.00
4735,  1.00
4736,  0.99
4737,  0.99
4738,  0.99
4739,  0.99
4740,  0.99
4741,  1.00
4742,  1.00
4743,  0.99
4744,  1.00
4745,  0.99
4746,  0.99
4747,  0.99
4748,  0.99
4749,  1.00
4750,  1.00
4751,  0.99
4752,  1.00
4753,  0.99
4754,  1.00
4755,  0.98
4756,  1.00
4757,  1.00
4758,  0.99
4759,  1.00
4760,  1.00
4761,  0.99
4762,  1.00
4763,  0.99
4764,  0.99
4765,  1.00
4766,  0.99
4767,  0.99
4768,  0.99
4769,  0.99
4770,  0.99
4771,  0.99
4772,  0.99
4773,  0.99
4774,  0.99
4775,  1.00
4776,  0.99
4777,  0.99
4778,  1.00
4779,  1.00
4780,  0.99
4781,  1.00
4782,  1.00
4783,  1.00
4784,  1.00
4785,  0.99
4786,  0.99
4787,  0.99
4788,  0.99
4789,  0.99
4790,  0.99
4791,  0.99
4792,  0.99
4793,  0.99
4794,  1.00
4795,  0.99
4796,  0.99
4797,  0.99
4798,  0.99
4799,  1.00
4800,  1.00
4801,  0.99
4802,  0.99
4803,  0.99
4804,  1.00
4805,  1.00
4806,  0.99
4807,  0.99
4808,  1.00
4809,  0.98
4810,  0.99
4811,  0.99
4812,  0.99
4813,  0.99
4814,  0.99
4815,  0.99
4816,  1.00
4817,  1.00
4818,  0.99
4819,  1.00
4820,  1.00
4821,  1.00
4822,  0.99
4823,  0.99
4824,  1.00
4825,  0.99
4826,  1.00
4827,  1.00
4828,  0.99
4829,  1.00
4830,  0.99
4831,  0.99
4832,  1.00
4833,  1.00
4834,  1.00
4835,  1.00
4836,  1.00
4837,  0.99
4838,  0.99
4839,  1.00
4840,  0.99
4841,  0.99
4842,  1.00
4843,  1.00
4844,  0.99
4845,  0.99
4846,  1.00
4847,  1.00
4848,  0.99
4849,  1.00
4850,  1.00
4851,  0.99
4852,  1.00
4853,  1.00
4854,  1.00
4855,  0.99
4856,  0.99
4857,  1.00
4858,  0.98
4859,  1.00
4860,  1.00
4861,  0.99
4862,  0.99
4863,  1.00
4864,  0.99
4865,  1.00
4866,  0.99
4867,  1.00
4868,  0.99
4869,  1.00
4870,  1.00
4871,  0.99
4872,  1.00
4873,  0.99
4874,  0.99
4875,  1.00
4876,  1.00
4877,  0.97
4878,  0.99
4879,  1.00
4880,  1.00
4881,  1.00
4882,  1.00
4883,  0.99
4884,  0.99
4885,  1.00
4886,  1.00
4887,  0.99
4888,  1.00
4889,  0.99
4890,  1.00
4891,  0.99
4892,  0.99
4893,  1.00
4894,  0.99
4895,  0.99
4896,  0.99
4897,  0.99
4898,  1.00
4899,  0.99
4900,  0.99
4901,  0.99
4902,  1.00
4903,  0.99
4904,  0.99
4905,  1.00
4906,  1.00
4907,  1.00
4908,  1.00
4909,  0.99
4910,  1.00
4911,  0.99
4912,  1.00
4913,  0.99
4914,  0.99
4915,  1.00
4916,  1.00
4917,  0.99
4918,  1.00
4919,  1.00
4920,  1.00
4921,  0.99
4922,  0.99
4923,  1.00
4924,  0.99
4925,  0.99
4926,  1.00
4927,  0.99
4928,  1.00
4929,  1.00
4930,  0.99
4931,  1.00
4932,  0.99
4933,  0.99
4934,  0.99
4935,  1.00
4936,  0.99
4937,  1.00
4938,  1.00
4939,  0.99
4940,  1.00
4941,  1.00
4942,  1.00
4943,  1.00
4944,  1.00
4945,  0.99
4946,  0.99
4947,  0.99
4948,  1.00
4949,  1.00
4950,  0.99
4951,  1.00
4952,  0.99
4953,  1.00
4954,  1.00
4955,  0.99
4956,  0.99
4957,  1.00
4958,  1.00
4959,  0.99
4960,  1.00
4961,  0.99
4962,  1.00
4963,  0.99
4964,  1.00
4965,  1.00
4966,  1.00
4967,  1.00
4968,  1.00
4969,  1.00
4970,  0.99
4971,  0.99
4972,  0.99
4973,  1.00
4974,  0.99
4975,  1.00
4976,  0.99
4977,  1.00
4978,  0.99
4979,  0.99
4980,  1.00
4981,  0.99
4982,  1.00
4983,  0.99
4984,  1.00
4985,  0.99
4986,  0.99
4987,  1.00
4988,  1.00
4989,  1.00
4990,  0.99
4991,  1.00
4992,  1.00
4993,  0.99
4994,  1.00
4995,  1.00
4996,  1.00
4997,  0.99
4998,  1.00
4999,  0.99
5000,  0.99
5001,  0.99
5002,  1.00
5003,  0.99
5004,  1.00
5005,  0.99
5006,  0.99
5007,  0.99
5008,  0.99
5009,  1.00
5010,  0.99
5011,  0.99
5012,  1.00
5013,  0.99
5014,  1.00
5015,  0.99
5016,  0.99
5017,  1.00
5018,  1.00
5019,  0.99
5020,  1.00
5021,  0.99
5022,  0.99
5023,  1.00
5024,  0.99
5025,  0.99
5026,  0.99
5027,  1.00
5028,  0.99
5029,  0.99
5030,  1.00
5031,  1.00
5032,  1.00
5033,  1.00
5034,  1.00
5035,  0.99
5036,  1.00
5037,  1.00
5038,  1.00
5039,  1.00
5040,  1.00
5041,  0.99
5042,  0.99
5043,  1.00
5044,  1.00
5045,  0.99
5046,  0.99
5047,  1.00
5048,  0.99
5049,  0.99
5050,  1.00
5051,  0.99
5052,  1.00
5053,  1.00
5054,  1.00
5055,  0.98
5056,  1.00
5057,  1.00
5058,  1.00
5059,  1.00
5060,  0.99
5061,  0.99
5062,  0.99
5063,  0.99
5064,  1.00
5065,  0.99
5066,  0.99
5067,  1.00
5068,  0.99
5069,  1.00
5070,  0.99
5071,  1.00
5072,  1.00
5073,  1.00
5074,  0.99
5075,  0.99
5076,  0.99
5077,  0.99
5078,  0.99
5079,  0.99
5080,  0.99
5081,  1.00
5082,  1.00
5083,  1.00
5084,  0.99
5085,  0.99
5086,  1.00
5087,  1.00
5088,  1.00
5089,  0.99
5090,  0.99
5091,  1.00
5092,  1.00
5093,  0.99
5094,  1.00
5095,  1.00
5096,  0.99
5097,  1.00
5098,  1.00
5099,  1.00
5100,  0.99
5101,  0.99
5102,  1.00
5103,  0.99
5104,  0.99
5105,  0.99
5106,  1.00
5107,  1.00
5108,  1.00
5109,  1.00
5110,  1.00
5111,  1.00
5112,  0.99
5113,  0.99
5114,  0.99
5115,  0.98
5116,  0.99
5117,  0.99
5118,  1.00
5119,  1.00
5120,  0.99
5121,  0.99
5122,  0.99
5123,  1.00
5124,  1.00
5125,  1.00
5126,  1.00
5127,  1.00
5128,  0.99
5129,  0.99
5130,  1.00
5131,  1.00
5132,  1.00
5133,  0.99
5134,  1.00
5135,  0.99
5136,  0.99
5137,  1.00
5138,  0.99
5139,  1.00
5140,  0.99
5141,  1.00
5142,  1.00
5143,  0.99
5144,  1.00
5145,  1.00
5146,  0.99
5147,  1.00
5148,  0.99
5149,  1.00
5150,  1.00
5151,  1.00
5152,  0.99
5153,  1.00
5154,  1.00
5155,  1.00
5156,  1.00
5157,  1.00
5158,  1.00
5159,  0.99
5160,  0.99
5161,  1.00
5162,  0.99
5163,  1.00
5164,  1.00
5165,  0.99
5166,  1.00
5167,  1.00
5168,  1.00
5169,  1.00
5170,  0.99
5171,  0.99
5172,  0.99
5173,  1.00
5174,  1.00
5175,  1.00
5176,  1.00
5177,  1.00
5178,  0.99
5179,  1.00
5180,  1.00
5181,  0.99
5182,  1.00
5183,  0.99
5184,  0.99
5185,  1.00
5186,  1.00
5187,  0.99
5188,  0.99
5189,  1.00
5190,  0.99
5191,  1.00
5192,  0.99
5193,  1.00
5194,  1.00
5195,  1.00
5196,  0.99
5197,  0.99
5198,  1.00
5199,  0.99
5200,  1.00
5201,  0.99
5202,  0.99
5203,  1.00
5204,  0.99
5205,  0.99
5206,  1.00
5207,  0.99
5208,  1.00
5209,  1.00
5210,  1.00
5211,  0.91
5212,  0.99
5213,  0.99
5214,  0.99
5215,  0.99
5216,  1.00
5217,  0.99
5218,  1.00
5219,  0.90
5220,  0.98
5221,  1.00
5222,  0.99
5223,  0.99
5224,  0.99
5225,  0.99
5226,  1.00
5227,  0.99
5228,  0.99
5229,  1.00
5230,  0.99
5231,  0.99
5232,  0.99
5233,  1.00
5234,  1.00
5235,  0.99
5236,  1.00
5237,  0.99
5238,  0.99
5239,  0.99
5240,  1.00
5241,  0.99
5242,  1.00
5243,  1.00
5244,  0.99
5245,  1.00
5246,  1.00
5247,  0.99
5248,  1.00
5249,  0.99
5250,  1.00
5251,  1.00
5252,  0.99
5253,  0.99
5254,  1.00
5255,  0.99
5256,  1.00
5257,  0.99
5258,  1.00
5259,  0.99
5260,  0.99
5261,  1.00
5262,  0.99
5263,  1.00
5264,  0.99
5265,  0.99
5266,  0.99
5267,  1.00
5268,  1.00
5269,  1.00
5270,  0.99
5271,  1.00
5272,  1.00
5273,  0.99
5274,  0.99
5275,  1.00
5276,  0.99
5277,  1.00
5278,  0.99
5279,  1.00
5280,  1.00
5281,  0.99
5282,  0.99
5283,  1.00
5284,  1.00
5285,  1.00
5286,  0.99
5287,  1.00
5288,  0.99
5289,  1.00
5290,  0.99
5291,  0.99
5292,  0.94
5293,  0.99
5294,  0.99
5295,  0.99
5296,  0.99
5297,  0.99
5298,  0.99
5299,  0.99
5300,  0.99
5301,  1.00
5302,  0.99
5303,  1.00
5304,  1.00
5305,  1.00
5306,  0.99
5307,  1.00
5308,  0.99
5309,  1.00
5310,  0.99
5311,  1.00
5312,  1.00
5313,  0.99
5314,  0.99
5315,  1.00
5316,  1.00
5317,  0.99
5318,  0.99
5319,  1.00
5320,  0.99
5321,  1.00
5322,  0.99
5323,  0.99
5324,  1.00
5325,  0.99
5326,  1.00
5327,  0.99
5328,  1.00
5329,  1.00
5330,  1.00
5331,  0.99
5332,  0.99
5333,  0.99
5334,  0.99
5335,  0.99
5336,  1.00
5337,  0.99
5338,  1.00
5339,  0.99
5340,  0.99
5341,  0.99
5342,  1.00
5343,  1.00
5344,  0.99
5345,  0.99
5346,  1.00
5347,  1.00
5348,  0.99
5349,  1.00
5350,  1.00
5351,  1.00
5352,  1.00
5353,  0.99
5354,  1.00
5355,  1.00
5356,  1.00
5357,  0.99
5358,  0.99
5359,  0.99
5360,  1.00
5361,  0.99
5362,  1.00
5363,  0.99
5364,  0.99
5365,  0.99
5366,  1.00
5367,  0.99
5368,  1.00
5369,  0.99
5370,  1.00
5371,  0.99
5372,  1.00
5373,  1.00
5374,  0.99
5375,  1.00
5376,  1.00
5377,  1.00
5378,  1.00
5379,  1.00
5380,  0.99
5381,  0.99
5382,  0.99
5383,  1.00
5384,  1.00
5385,  1.00
5386,  1.00
5387,  0.99
5388,  1.00
5389,  0.99
5390,  1.00
5391,  0.99
5392,  1.00
5393,  1.00
5394,  0.99
5395,  0.99
5396,  1.00
5397,  1.00
5398,  1.00
5399,  1.00
5400,  1.00
5401,  1.00
5402,  0.99
5403,  1.00
5404,  1.00
5405,  0.99
5406,  1.00
5407,  0.99
5408,  0.99
5409,  0.99
5410,  1.00
5411,  0.99
5412,  0.99
5413,  1.00
5414,  0.99
5415,  1.00
5416,  1.00
5417,  0.99
5418,  1.00
5419,  0.99
5420,  0.99
5421,  1.00
5422,  0.99
5423,  0.99
5424,  0.99
5425,  0.99
5426,  0.99
5427,  0.99
5428,  1.00
5429,  0.99
5430,  1.00
5431,  0.99
5432,  1.00
5433,  0.99
5434,  1.00
5435,  1.00
5436,  0.99
5437,  1.00
5438,  0.99
5439,  1.00
5440,  0.99
5441,  0.99
5442,  1.00
5443,  1.00
5444,  0.99
5445,  0.99
5446,  1.00
5447,  1.00
5448,  0.99
5449,  1.00
5450,  0.99
5451,  0.99
5452,  0.99
5453,  0.93
5454,  1.00
5455,  0.99
5456,  0.99
5457,  1.00
5458,  0.99
5459,  1.00
5460,  0.99
5461,  1.00
5462,  0.99
5463,  1.00
5464,  0.99
5465,  0.99
5466,  1.00
5467,  1.00
5468,  1.00
5469,  1.00
5470,  1.00
5471,  1.00
5472,  0.99
5473,  1.00
5474,  0.99
5475,  1.00
5476,  0.99
5477,  0.99
5478,  1.00
5479,  1.00
5480,  1.00
5481,  1.00
5482,  1.00
5483,  0.99
5484,  1.00
5485,  0.99
5486,  1.00
5487,  1.00
5488,  0.99
5489,  1.00
5490,  0.99
5491,  1.00
5492,  1.00
5493,  1.00
5494,  0.99
5495,  1.00
5496,  1.00
5497,  1.00
5498,  1.00
5499,  0.99
5500,  0.99
5501,  1.00
5502,  1.00
5503,  1.00
5504,  0.99
5505,  0.99
5506,  1.00
5507,  0.99
5508,  0.99
5509,  0.99
5510,  0.99
5511,  1.00
5512,  0.99
5513,  0.99
5514,  1.00
5515,  1.00
5516,  0.99
5517,  1.00
5518,  1.00
5519,  0.99
5520,  1.00
5521,  1.00
5522,  0.99
5523,  1.00
5524,  0.99
5525,  1.00
5526,  1.00
5527,  0.99
5528,  0.99
5529,  1.00
5530,  1.00
5531,  1.00
5532,  0.99
5533,  1.00
5534,  1.00
5535,  0.99
5536,  1.00
5537,  1.00
5538,  1.00
5539,  0.99
5540,  1.00
5541,  0.99
5542,  1.00
5543,  1.00
5544,  0.99
5545,  0.99
5546,  0.99
5547,  1.00
5548,  1.00
5549,  1.00
5550,  1.00
5551,  1.00
5552,  0.99
5553,  1.00
5554,  0.99
5555,  1.00
5556,  0.99
5557,  1.00
5558,  1.00
5559,  1.00
5560,  1.00
5561,  1.00
5562,  0.99
5563,  1.00
5564,  1.00
5565,  1.00
5566,  1.00
5567,  1.00
5568,  1.00
5569,  1.00
5570,  0.99
5571,  1.00
5572,  1.00
5573,  0.99
5574,  0.99
5575,  1.00
5576,  0.99
5577,  0.99
5578,  0.99
5579,  0.99
5580,  1.00
5581,  1.00
5582,  1.00
5583,  1.00
5584,  0.99
5585,  1.00
5586,  1.00
5587,  1.00
5588,  1.00
5589,  1.00
5590,  1.00
5591,  1.00
5592,  1.00
5593,  1.00
5594,  1.00
5595,  0.99
5596,  1.00
5597,  1.00
5598,  1.00
5599,  1.00
5600,  0.99
5601,  1.00
5602,  1.00
5603,  0.99
5604,  0.99
5605,  0.99
5606,  1.00
5607,  1.00
5608,  0.99
5609,  1.00
5610,  1.00
5611,  0.99
5612,  1.00
5613,  1.00
5614,  1.00
5615,  1.00
5616,  1.00
5617,  1.00
5618,  1.00
5619,  0.99
5620,  0.99
5621,  1.00
5622,  0.99
5623,  0.99
5624,  1.00
5625,  1.00
5626,  1.00
5627,  1.00
5628,  1.00
5629,  1.00
5630,  1.00
5631,  1.00
5632,  1.00
5633,  1.00
5634,  0.99
5635,  1.00
5636,  1.00
5637,  1.00
5638,  1.00
5639,  0.99
5640,  1.00
5641,  1.00
5642,  1.00
5643,  1.00
5644,  0.99
5645,  1.00
5646,  1.00
5647,  1.00
5648,  0.99
5649,  1.00
5650,  1.00
5651,  0.99
5652,  0.99
5653,  0.99
5654,  0.99
5655,  1.00
5656,  1.00
5657,  0.99
5658,  1.00
5659,  1.00
5660,  1.00
5661,  1.00
5662,  0.99
5663,  0.99
5664,  1.00
5665,  1.00
5666,  1.00
5667,  0.99
5668,  1.00
5669,  0.99
5670,  1.00
5671,  1.00
5672,  0.99
5673,  1.00
5674,  0.99
5675,  1.00
5676,  1.00
5677,  1.00
5678,  1.00
5679,  1.00
5680,  0.99
5681,  0.99
5682,  1.00
5683,  1.00
5684,  0.99
5685,  1.00
5686,  1.00
5687,  0.99
5688,  1.00
5689,  0.99
5690,  1.00
5691,  0.99
5692,  0.99
5693,  1.00
5694,  1.00
5695,  0.99
5696,  1.00
5697,  1.00
5698,  1.00
5699,  0.99
5700,  0.99
5701,  1.00
5702,  1.00
5703,  0.99
5704,  1.00
5705,  1.00
5706,  0.99
5707,  0.99
5708,  0.99
5709,  1.00
5710,  1.00
5711,  0.99
5712,  0.99
5713,  0.99
5714,  1.00
5715,  0.99
5716,  1.00
5717,  1.00
5718,  1.00
5719,  0.99
5720,  1.00
5721,  0.99
5722,  1.00
5723,  1.00
5724,  1.00
5725,  1.00
5726,  1.00
5727,  1.00
5728,  1.00
5729,  1.00
5730,  0.99
5731,  0.98
5732,  0.99
5733,  1.00
5734,  1.00
5735,  0.99
5736,  0.99
5737,  0.99
5738,  0.99
5739,  0.99
5740,  1.00
5741,  1.00
5742,  1.00
5743,  1.00
5744,  0.99
5745,  1.00
5746,  0.99
5747,  0.99
5748,  0.99
5749,  0.99
5750,  1.00
5751,  1.00
5752,  0.99
5753,  0.99
5754,  0.99
5755,  0.99
5756,  0.99
5757,  1.00
5758,  1.00
5759,  0.99
5760,  1.00
5761,  1.00
5762,  0.99
5763,  0.99
5764,  0.99
5765,  1.00
5766,  0.99
5767,  0.99
5768,  1.00
5769,  1.00
5770,  0.99
5771,  0.99
5772,  1.00
5773,  1.00
5774,  1.00
5775,  0.99
5776,  1.00
5777,  1.00
5778,  0.99
5779,  0.99
5780,  1.00
5781,  0.99
5782,  1.00
5783,  1.00
5784,  1.00
5785,  1.00
5786,  1.00
5787,  0.99
5788,  0.99
5789,  1.00
5790,  1.00
5791,  1.00
5792,  0.99
5793,  0.99
5794,  1.00
5795,  0.99
5796,  0.99
5797,  1.00
5798,  0.99
5799,  1.00
5800,  1.00
5801,  0.99
5802,  0.99
5803,  1.00
5804,  1.00
5805,  0.99
5806,  0.99
5807,  0.99
5808,  0.99
5809,  0.99
5810,  1.00
5811,  1.00
5812,  0.99
5813,  0.99
5814,  0.99
5815,  1.00
5816,  0.99
5817,  1.00
5818,  0.99
5819,  1.00
5820,  1.00
5821,  1.00
5822,  0.99
5823,  0.99
5824,  1.00
5825,  1.00
5826,  0.99
5827,  1.00
5828,  1.00
5829,  0.99
5830,  1.00
5831,  1.00
5832,  0.99
5833,  1.00
5834,  0.99
5835,  0.99
5836,  1.00
5837,  1.00
5838,  1.00
5839,  1.00
5840,  1.00
5841,  1.00
5842,  1.00
5843,  1.00
5844,  1.00
5845,  1.00
5846,  1.00
5847,  1.00
5848,  0.98
5849,  0.99
5850,  0.99
5851,  0.99
5852,  0.99
5853,  1.00
5854,  1.00
5855,  1.00
5856,  1.00
5857,  1.00
5858,  1.00
5859,  1.00
5860,  0.99
5861,  0.99
5862,  1.00
5863,  1.00
5864,  1.00
5865,  0.99
5866,  1.00
5867,  1.00
5868,  0.99
5869,  1.00
5870,  1.00
5871,  1.00
5872,  0.99
5873,  0.99
5874,  1.00
5875,  1.00
5876,  1.00
5877,  0.99
5878,  1.00
5879,  1.00
5880,  1.00
5881,  1.00
5882,  1.00
5883,  1.00
5884,  0.99
5885,  1.00
5886,  0.99
5887,  1.00
5888,  1.00
5889,  1.00
5890,  1.00
5891,  1.00
5892,  1.00
5893,  1.00
5894,  0.99
5895,  0.99
5896,  1.00
5897,  0.99
5898,  1.00
5899,  1.00
5900,  0.99
5901,  1.00
5902,  1.00
5903,  0.99
5904,  1.00
5905,  1.00
5906,  1.00
5907,  0.99
5908,  0.99
5909,  1.00
5910,  0.99
5911,  1.00
5912,  1.00
5913,  1.00
5914,  1.00
5915,  0.99
5916,  1.00
5917,  1.00
5918,  1.00
5919,  1.00
5920,  0.99
5921,  1.00
5922,  0.99
5923,  1.00
5924,  0.99
5925,  1.00
5926,  1.00
5927,  1.00
5928,  1.00
5929,  1.00
5930,  1.00
5931,  1.00
5932,  1.00
5933,  0.99
5934,  1.00
5935,  1.00
5936,  0.99
5937,  1.00
5938,  1.00
5939,  1.00
5940,  0.99
5941,  1.00
5942,  0.99
5943,  0.99
5944,  1.00
5945,  1.00
5946,  1.00
5947,  1.00
5948,  1.00
5949,  0.99
5950,  1.00
5951,  1.00
5952,  1.00
5953,  1.00
5954,  1.00
5955,  1.00
5956,  1.00
5957,  1.00
5958,  1.00
5959,  0.99
5960,  1.00
5961,  1.00
5962,  0.99
5963,  0.99
5964,  0.99
5965,  1.00
5966,  1.00
5967,  1.00
5968,  0.99
5969,  1.00
5970,  1.00
5971,  1.00
5972,  1.00
5973,  1.00
5974,  1.00
5975,  0.99
5976,  0.99
5977,  0.99
5978,  1.00
5979,  0.99
5980,  0.99
5981,  1.00
5982,  1.00
5983,  1.00
5984,  1.00
5985,  0.99
5986,  1.00
5987,  1.00
5988,  1.00
5989,  1.00
5990,  0.99
5991,  1.00
5992,  1.00
5993,  1.00
5994,  0.99
5995,  1.00
5996,  1.00
5997,  0.99
5998,  1.00
5999,  1.00
6000,  1.00
6001,  1.00
6002,  1.00
6003,  1.00
6004,  1.00
6005,  0.99
6006,  0.99
6007,  1.00
6008,  1.00
6009,  1.00
6010,  0.99
6011,  0.99
6012,  0.99
6013,  0.99
6014,  1.00
6015,  1.00
6016,  1.00
6017,  1.00
6018,  1.00
6019,  1.00
6020,  1.00
6021,  1.00
6022,  1.00
6023,  1.00
6024,  1.00
6025,  1.00
6026,  1.00
6027,  1.00
6028,  1.00
6029,  1.00
6030,  1.00
6031,  1.00
6032,  1.00
6033,  1.00
6034,  1.00
6035,  0.99
6036,  1.00
6037,  1.00
6038,  1.00
6039,  1.00
6040,  1.00
6041,  1.00
6042,  1.00
6043,  1.00
6044,  1.00
6045,  1.00
6046,  1.00
6047,  0.94
6048,  1.00
6049,  1.00
6050,  1.00
6051,  0.97
6052,  0.99
6053,  0.92
6054,  0.95
6055,  0.97
6056,  0.99
6057,  0.99
6058,  0.99
6059,  0.99
6060,  0.99
6061,  1.00
6062,  1.00
6063,  1.00
6064,  1.00
6065,  0.99
6066,  0.99
6067,  1.00
6068,  1.00
6069,  1.00
6070,  0.92
6071,  0.99
6072,  1.00
6073,  1.00
6074,  1.00
6075,  1.00
6076,  1.00
6077,  1.00
6078,  1.00
6079,  1.00
6080,  1.00
6081,  0.99
6082,  1.00
6083,  0.99
6084,  0.99
6085,  1.00
6086,  0.99
6087,  0.99
6088,  1.00
6089,  1.00
6090,  0.89
6091,  0.96
6092,  0.98
6093,  0.98
6094,  0.99
6095,  0.99
6096,  1.00
6097,  1.00
6098,  1.00
6099,  1.00
6100,  1.00
6101,  1.00
6102,  0.99
6103,  1.00
6104,  1.00
6105,  1.00
6106,  0.99
6107,  1.00
6108,  0.99
6109,  1.00
6110,  1.00
6111,  0.98
6112,  1.00
6113,  0.99
6114,  0.99
6115,  1.00
6116,  1.00
6117,  1.00
6118,  0.99
6119,  1.00
6120,  1.00
6121,  1.00
6122,  1.00
6123,  1.00
6124,  1.00
6125,  1.00
6126,  1.00
6127,  1.00
6128,  1.00
6129,  1.00
6130,  1.00
6131,  0.99
6132,  0.99
6133,  1.00
6134,  1.00
6135,  1.00
6136,  1.00
6137,  1.00
6138,  0.99
6139,  0.99
6140,  1.00
6141,  0.93
6142,  0.99
6143,  0.99
6144,  0.99
6145,  1.00
6146,  1.00
6147,  1.00
6148,  0.99
6149,  1.00
6150,  0.94
6151,  1.00
6152,  1.00
6153,  1.00
6154,  1.00
6155,  1.00
6156,  0.97
6157,  0.99
6158,  1.00
6159,  1.00
6160,  1.00
6161,  1.00
6162,  1.00
6163,  1.00
6164,  1.00
6165,  1.00
6166,  1.00
6167,  1.00
6168,  1.00
6169,  1.00
6170,  0.94
6171,  1.00
6172,  0.99
6173,  1.00
6174,  1.00
6175,  0.99
6176,  0.97
6177,  0.99
6178,  1.00
6179,  0.99
6180,  0.99
6181,  0.99
6182,  0.99
6183,  0.99
6184,  0.97
6185,  0.99
6186,  1.00
6187,  0.99
6188,  0.99
6189,  1.00
6190,  0.99
6191,  1.00
6192,  0.94
6193,  0.99
6194,  0.99
6195,  0.99
6196,  1.00
6197,  0.99
6198,  0.99
6199,  0.99
6200,  0.93
6201,  0.99
6202,  0.99
6203,  0.99
6204,  0.99
6205,  1.00
6206,  1.00
6207,  0.99
6208,  0.97
6209,  0.99
6210,  0.99
6211,  1.00
6212,  0.99
6213,  0.99
6214,  0.99
6215,  1.00
6216,  0.92
6217,  1.00
6218,  0.99
6219,  1.00
6220,  0.96
6221,  0.99
6222,  1.00
6223,  0.99
6224,  0.95
6225,  0.99
6226,  0.99
6227,  0.99
6228,  0.99
6229,  0.99
6230,  1.00
6231,  0.98
6232,  0.99
6233,  0.99
6234,  1.00
6235,  1.00
6236,  0.95
6237,  0.99
6238,  0.99
6239,  1.00
6240,  0.99
6241,  1.00
6242,  1.00
6243,  1.00
6244,  1.00
6245,  1.00
6246,  1.00
6247,  1.00
6248,  1.00
6249,  0.91
6250,  0.98
6251,  0.99
6252,  0.99
6253,  1.00
6254,  0.99
6255,  0.99
6256,  1.00
6257,  1.00
6258,  1.00
6259,  1.00
6260,  1.00
6261,  1.00
6262,  0.99
6263,  1.00
6264,  1.00
6265,  1.00
6266,  1.00
6267,  0.99
6268,  1.00
6269,  1.00
6270,  1.00
6271,  1.00
6272,  1.00
6273,  0.99
6274,  1.00
6275,  1.00
6276,  1.00
6277,  0.99
6278,  0.95
6279,  0.99
6280,  0.99
6281,  0.91
6282,  0.98
6283,  0.98
6284,  0.99
6285,  0.98
6286,  0.99
6287,  0.99
6288,  0.99
6289,  1.00
6290,  1.00
6291,  0.96
6292,  0.99
6293,  0.99
6294,  1.00
6295,  1.00
6296,  1.00
6297,  0.95
6298,  0.99
6299,  0.99
6300,  0.99
6301,  1.00
6302,  1.00
6303,  1.00
6304,  1.00
6305,  1.00
6306,  1.00
6307,  1.00
6308,  1.00
6309,  1.00
6310,  0.99
6311,  0.99
6312,  0.99
6313,  0.99
6314,  0.83
6315,  0.97
6316,  0.99
6317,  0.99
6318,  0.99
6319,  0.97
6320,  0.99
6321,  0.98
6322,  0.99
6323,  0.99
6324,  0.99
6325,  1.00
6326,  1.00
6327,  1.00
6328,  1.00
6329,  1.00
6330,  1.00
6331,  1.00
6332,  1.00
6333,  1.00
6334,  1.00
6335,  1.00
6336,  1.00
6337,  0.99
6338,  0.94
6339,  0.99
6340,  0.99
6341,  1.00
6342,  1.00
6343,  1.00
6344,  1.00
6345,  1.00
6346,  1.00
6347,  1.00
6348,  1.00
6349,  1.00
6350,  0.92
6351,  1.00
6352,  1.00
6353,  1.00
6354,  1.00
6355,  1.00
6356,  1.00
6357,  1.00
6358,  1.00
6359,  1.00
6360,  1.00
6361,  1.00
6362,  1.00
6363,  0.99
6364,  0.99
6365,  1.00
6366,  0.93
6367,  1.00
6368,  1.00
6369,  1.00
6370,  0.95
6371,  1.00
6372,  1.00
6373,  0.99
6374,  1.00
6375,  1.00
6376,  0.96
6377,  0.99
6378,  1.00
6379,  1.00
6380,  0.99
6381,  0.99
6382,  1.00
6383,  0.99
6384,  1.00
6385,  0.98
6386,  0.99
6387,  0.99
6388,  0.99
6389,  0.99
6390,  0.99
6391,  0.99
6392,  1.00
6393,  1.00
6394,  1.00
6395,  1.00
6396,  0.99
6397,  1.00
6398,  0.99
6399,  0.98
6400,  0.99
6401,  0.99
6402,  1.00
6403,  1.00
6404,  1.00
6405,  1.00
6406,  1.00
6407,  1.00
6408,  1.00
6409,  1.00
6410,  1.00
6411,  1.00
6412,  1.00
6413,  1.00
6414,  1.00
6415,  1.00
6416,  1.00
6417,  1.00
6418,  0.95
6419,  0.99
6420,  1.00
6421,  1.00
6422,  1.00
6423,  1.00
6424,  1.00
6425,  1.00
6426,  1.00
6427,  0.99
6428,  1.00
6429,  0.98
6430,  0.99
6431,  1.00
6432,  0.99
6433,  1.00
6434,  1.00
6435,  1.00
6436,  1.00
6437,  1.00
6438,  0.98
6439,  1.00
6440,  0.96
6441,  1.00
6442,  1.00
6443,  1.00
6444,  1.00
6445,  1.00
6446,  1.00
6447,  1.00
6448,  1.00
6449,  0.98
6450,  0.93
6451,  0.98
6452,  0.98
6453,  0.99
6454,  0.98
6455,  0.98
6456,  1.00
6457,  0.99
6458,  0.99
6459,  1.00
6460,  1.00
6461,  1.00
6462,  1.00
6463,  1.00
6464,  0.91
6465,  0.96
6466,  0.97
6467,  0.95
6468,  0.98
6469,  0.99
6470,  0.99
6471,  0.99
6472,  1.00
6473,  0.99
6474,  1.00
6475,  1.00
6476,  1.00
6477,  1.00
6478,  1.00
6479,  0.94
6480,  0.99
6481,  1.00
6482,  1.00
6483,  1.00
6484,  1.00
6485,  1.00
6486,  1.00
6487,  1.00
6488,  1.00
6489,  1.00
6490,  1.00
6491,  0.97
6492,  0.99
6493,  1.00
6494,  1.00
6495,  1.00
6496,  1.00
6497,  1.00
6498,  1.00
6499,  1.00
6500,  0.99
6501,  0.97
6502,  0.99
6503,  1.00
6504,  1.00
6505,  0.98
6506,  0.99
6507,  0.99
6508,  0.99
6509,  0.99
6510,  0.99
6511,  0.99
6512,  1.00
6513,  1.00
6514,  0.99
6515,  0.99
6516,  1.00
6517,  0.95
6518,  1.00
6519,  1.00
6520,  1.00
6521,  1.00
6522,  1.00
6523,  1.00
6524,  1.00
6525,  0.99
6526,  0.94
6527,  0.99
6528,  0.99
6529,  0.95
6530,  0.99
6531,  0.98
6532,  1.00
6533,  0.99
6534,  0.99
6535,  1.00
6536,  0.82
6537,  0.97
6538,  0.95
6539,  0.98
6540,  0.99
6541,  0.99
6542,  0.99
6543,  0.99
6544,  1.00
6545,  0.99
6546,  0.99
6547,  0.99
6548,  0.94
6549,  1.00
6550,  0.99
6551,  1.00
6552,  0.98
6553,  1.00
6554,  1.00
6555,  1.00
6556,  1.00
6557,  0.99
6558,  1.00
6559,  1.00
6560,  1.00
6561,  1.00
6562,  0.91
6563,  0.99
6564,  0.98
6565,  1.00
6566,  1.00
6567,  1.00
6568,  1.00
6569,  1.00
6570,  1.00
6571,  0.99
6572,  1.00
6573,  0.99
6574,  0.94
6575,  0.99
6576,  0.96
6577,  0.99
6578,  0.99
6579,  0.99
6580,  0.99
6581,  0.99
6582,  0.99
6583,  1.00
6584,  1.00
6585,  1.00
6586,  0.99
6587,  1.00
6588,  1.00
6589,  0.99
6590,  1.00
6591,  1.00
6592,  1.00
6593,  1.00
6594,  0.85
6595,  0.99
6596,  0.99
6597,  1.00
6598,  0.99
6599,  1.00
6600,  0.99
6601,  1.00
6602,  1.00
6603,  1.00
6604,  1.00
6605,  0.83
6606,  0.99
6607,  1.00
6608,  1.00
6609,  0.99
6610,  1.00
6611,  1.00
6612,  0.94
6613,  0.99
6614,  0.99
6615,  0.99
6616,  0.99
6617,  0.95
6618,  0.99
6619,  0.97
6620,  0.93
6621,  0.97
6622,  0.99
6623,  0.89
6624,  0.94
6625,  0.97
6626,  0.98
6627,  0.98
6628,  0.99
6629,  0.99
6630,  0.99
6631,  1.00
6632,  0.99
6633,  0.92
6634,  0.99
6635,  0.99
6636,  0.93
6637,  0.98
6638,  0.99
6639,  0.99
6640,  0.99
6641,  0.99
6642,  0.99
6643,  1.00
6644,  0.99
6645,  1.00
6646,  0.99
6647,  1.00
6648,  1.00
6649,  1.00
6650,  0.99
6651,  1.00
6652,  0.99
6653,  0.99
6654,  1.00
6655,  1.00
6656,  1.00
6657,  1.00
6658,  0.99
6659,  1.00
6660,  1.00
6661,  1.00
6662,  1.00
6663,  0.99
6664,  1.00
6665,  1.00
6666,  1.00
6667,  0.99
6668,  1.00
6669,  1.00
6670,  0.99
6671,  0.99
6672,  1.00
6673,  0.93
6674,  1.00
6675,  1.00
6676,  1.00
6677,  1.00
6678,  1.00
6679,  1.00
6680,  0.99
6681,  1.00
6682,  1.00
6683,  1.00
6684,  1.00
6685,  1.00
6686,  0.99
6687,  1.00
6688,  1.00
6689,  1.00
6690,  1.00
6691,  1.00
6692,  1.00
6693,  0.99
6694,  1.00
6695,  1.00
6696,  1.00
6697,  0.99
6698,  0.99
6699,  1.00
6700,  1.00
6701,  1.00
6702,  1.00
6703,  0.99
6704,  1.00
6705,  0.99
6706,  0.99
6707,  1.00
6708,  1.00
6709,  1.00
6710,  0.99
6711,  0.98
6712,  1.00
6713,  0.99
6714,  0.99
6715,  0.97
6716,  0.99
6717,  1.00
6718,  1.00
6719,  0.99
6720,  1.00
6721,  1.00
6722,  1.00
6723,  1.00
6724,  1.00
6725,  1.00
6726,  0.99
6727,  1.00
6728,  0.99
6729,  1.00
6730,  1.00
6731,  1.00
6732,  1.00
6733,  0.93
6734,  0.98
6735,  0.98
6736,  0.95
6737,  0.97
6738,  0.97
6739,  0.97
6740,  0.99
6741,  0.99
6742,  0.99
6743,  0.99
6744,  0.99
6745,  0.99
6746,  0.99
6747,  0.99
6748,  0.99
6749,  1.00
6750,  0.91
6751,  0.96
6752,  0.98
6753,  0.99
6754,  0.99
6755,  0.99
6756,  0.99
6757,  0.99
6758,  1.00
6759,  0.98
6760,  0.95
6761,  0.99
6762,  0.99
6763,  0.99
6764,  0.99
6765,  0.98
6766,  0.99
6767,  0.99
6768,  0.99
6769,  0.99
6770,  0.98
6771,  0.98
6772,  0.99
6773,  0.99
6774,  0.99
6775,  1.00
6776,  1.00
6777,  1.00
6778,  1.00
6779,  1.00
6780,  1.00
6781,  0.98
6782,  0.99
6783,  1.00
6784,  1.00
6785,  1.00
6786,  0.99
6787,  0.99
6788,  1.00
6789,  0.99
6790,  1.00
6791,  0.95
6792,  0.97
6793,  0.93
6794,  0.90
6795,  0.83
6796,  0.88
6797,  0.96
6798,  0.95
6799,  0.98
6800,  1.00
6801,  0.98
6802,  0.99
6803,  0.99
6804,  1.00
6805,  1.00
6806,  1.00
6807,  1.00
6808,  1.00
6809,  1.00
6810,  1.00
6811,  1.00
6812,  0.99
6813,  1.00
6814,  1.00
6815,  0.99
6816,  1.00
6817,  1.00
6818,  1.00
6819,  0.99
6820,  0.99
6821,  0.99
6822,  0.99
6823,  1.00
6824,  1.00
6825,  1.00
6826,  1.00
6827,  1.00
6828,  1.00
6829,  1.00
6830,  1.00
6831,  1.00
6832,  1.00
6833,  1.00
6834,  1.00
6835,  0.98
6836,  1.00
6837,  1.00
6838,  1.00
6839,  1.00
6840,  1.00
6841,  1.00
6842,  1.00
6843,  1.00
6844,  1.00
6845,  1.00
6846,  0.90
6847,  1.00
6848,  1.00
6849,  0.93
6850,  0.92
6851,  0.99
6852,  0.99
6853,  0.99
6854,  0.98
6855,  0.96
6856,  0.97
6857,  0.98
6858,  0.98
6859,  0.99
6860,  0.99
6861,  0.99
6862,  0.99
6863,  0.99
6864,  1.00
6865,  0.99
6866,  0.99
6867,  1.00
6868,  0.99
6869,  1.00
6870,  1.00
6871,  1.00
6872,  1.00
6873,  1.00
6874,  1.00
6875,  1.00
6876,  1.00
6877,  1.00
6878,  1.00
6879,  0.99
6880,  1.00
6881,  0.99
6882,  0.99
6883,  0.99
6884,  0.99
6885,  1.00
6886,  0.99
6887,  0.99
6888,  1.00
6889,  1.00
6890,  0.90
6891,  0.99
6892,  0.99
6893,  0.99
6894,  0.99
6895,  0.99
6896,  0.99
6897,  1.00
6898,  0.99
6899,  1.00
6900,  1.00
6901,  1.00
6902,  1.00
6903,  0.99
6904,  1.00
6905,  1.00
6906,  1.00
6907,  0.99
6908,  1.00
6909,  1.00
6910,  1.00
6911,  1.00
6912,  1.00
6913,  1.00
6914,  1.00
6915,  1.00
6916,  1.00
6917,  1.00
6918,  0.99
6919,  1.00
6920,  1.00
6921,  1.00
6922,  1.00
6923,  1.00
6924,  0.99
6925,  1.00
6926,  0.99
6927,  1.00
6928,  0.99
6929,  1.00
6930,  1.00
6931,  0.99
6932,  0.99
6933,  1.00
6934,  1.00
6935,  1.00
6936,  1.00
6937,  0.99
6938,  1.00
6939,  1.00
6940,  1.00
6941,  1.00
6942,  1.00
6943,  1.00
6944,  1.00
6945,  1.00
6946,  1.00
6947,  1.00
6948,  1.00
6949,  1.00
6950,  1.00
6951,  1.00
6952,  1.00
6953,  1.00
6954,  1.00
6955,  1.00
6956,  1.00
6957,  1.00
6958,  1.00
6959,  1.00
6960,  1.00
6961,  1.00
6962,  1.00
6963,  1.00
6964,  1.00
6965,  1.00
6966,  1.00
6967,  1.00
6968,  1.00
6969,  0.98
6970,  0.99
6971,  0.99
6972,  0.99
6973,  0.97
6974,  0.98
6975,  0.96
6976,  0.95
6977,  0.98
6978,  0.99
6979,  0.99
6980,  0.99
6981,  0.97
6982,  0.99
6983,  0.99
6984,  1.00
6985,  1.00
6986,  0.99
6987,  0.99
6988,  0.99
6989,  0.99
6990,  0.99
6991,  0.98
6992,  0.98
6993,  0.99
6994,  0.99
6995,  1.00
6996,  1.00
6997,  0.99
6998,  1.00
6999,  1.00
7000,  1.00
7001,  1.00
7002,  1.00
7003,  1.00
7004,  0.99
7005,  1.00
7006,  0.99
7007,  1.00
7008,  1.00
7009,  1.00
7010,  1.00
7011,  1.00
7012,  1.00
7013,  1.00
7014,  1.00
7015,  0.99
7016,  1.00
7017,  1.00
7018,  1.00
7019,  1.00
7020,  1.00
7021,  1.00
7022,  1.00
7023,  1.00
7024,  1.00
7025,  1.00
7026,  1.00
7027,  1.00
7028,  1.00
7029,  1.00
7030,  0.97
7031,  1.00
7032,  1.00
7033,  0.99
7034,  1.00
7035,  0.99
7036,  1.00
7037,  1.00
7038,  1.00
7039,  0.99
7040,  1.00
7041,  1.00
7042,  1.00
7043,  0.99
7044,  0.99
7045,  0.96
7046,  0.99
7047,  1.00
7048,  1.00
7049,  0.99
7050,  1.00
7051,  1.00
7052,  1.00
7053,  1.00
7054,  1.00
7055,  1.00
7056,  1.00
7057,  1.00
7058,  1.00
7059,  1.00
7060,  1.00
7061,  0.99
7062,  1.00
7063,  1.00
7064,  0.99
7065,  0.98
7066,  0.99
7067,  0.99
7068,  1.00
7069,  1.00
7070,  1.00
7071,  1.00
7072,  1.00
7073,  1.00
7074,  0.99
7075,  0.99
7076,  1.00
7077,  1.00
7078,  0.87
7079,  0.98
7080,  0.99
7081,  0.99
7082,  0.99
7083,  1.00
7084,  1.00
7085,  1.00
7086,  1.00
7087,  1.00
7088,  1.00
7089,  1.00
7090,  1.00
7091,  1.00
7092,  1.00
7093,  1.00
7094,  1.00
7095,  1.00
7096,  1.00
7097,  1.00
7098,  1.00
7099,  1.00
7100,  1.00
7101,  0.99
7102,  0.99
7103,  0.99
7104,  0.99
7105,  0.97
7106,  0.99
7107,  0.97
7108,  0.99
7109,  0.98
7110,  0.99
7111,  0.99
7112,  1.00
7113,  1.00
7114,  1.00
7115,  1.00
7116,  1.00
7117,  1.00
7118,  1.00
7119,  1.00
7120,  0.99
7121,  1.00
7122,  1.00
7123,  1.00
7124,  1.00
7125,  1.00
7126,  1.00
7127,  1.00
7128,  1.00
7129,  1.00
7130,  0.99
7131,  0.98
7132,  1.00
7133,  1.00
7134,  1.00
7135,  1.00
7136,  1.00
7137,  1.00
7138,  1.00
7139,  1.00
7140,  1.00
7141,  1.00
7142,  1.00
7143,  1.00
7144,  1.00
7145,  1.00
7146,  1.00
7147,  1.00
7148,  1.00
7149,  1.00
7150,  1.00
7151,  1.00
7152,  1.00
7153,  1.00
7154,  1.00
7155,  1.00
7156,  0.99
7157,  0.99
7158,  0.99
7159,  0.99
7160,  0.99
7161,  0.99
7162,  1.00
7163,  1.00
7164,  1.00
7165,  1.00
7166,  1.00
7167,  1.00
7168,  1.00
7169,  1.00
7170,  1.00
7171,  1.00
7172,  1.00
7173,  1.00
7174,  1.00
7175,  1.00
7176,  1.00
7177,  1.00
7178,  1.00
7179,  1.00
7180,  0.99
7181,  0.99
7182,  0.99
7183,  0.99
7184,  0.99
7185,  0.99
7186,  1.00
7187,  1.00
7188,  1.00
7189,  0.99
7190,  0.99
7191,  1.00
7192,  1.00
7193,  0.98
7194,  0.99
7195,  1.00
7196,  0.99
7197,  1.00
7198,  0.99
7199,  1.00
7200,  1.00
7201,  0.99
7202,  1.00
7203,  1.00
7204,  1.00
7205,  1.00
7206,  1.00
7207,  1.00
7208,  1.00
7209,  1.00
7210,  1.00
7211,  1.00
7212,  1.00
7213,  1.00
7214,  1.00
7215,  0.98
7216,  0.97
7217,  0.98
7218,  0.99
7219,  0.99
7220,  0.99
7221,  1.00
7222,  1.00
7223,  1.00
7224,  0.99
7225,  0.99
7226,  1.00
7227,  1.00
7228,  1.00
7229,  0.99
7230,  1.00
7231,  1.00
7232,  1.00
7233,  1.00
7234,  1.00
7235,  1.00
7236,  0.98
7237,  0.99
7238,  0.99
7239,  1.00
7240,  1.00
7241,  1.00
7242,  1.00
7243,  1.00
7244,  1.00
7245,  1.00
7246,  1.00
7247,  1.00
7248,  1.00
7249,  1.00
7250,  1.00
7251,  1.00
7252,  1.00
7253,  1.00
7254,  1.00
7255,  1.00
7256,  1.00
7257,  1.00
7258,  1.00
7259,  1.00
7260,  1.00
7261,  1.00
7262,  1.00
7263,  1.00
7264,  1.00
7265,  1.00
7266,  1.00
7267,  1.00
7268,  1.00
7269,  1.00
7270,  1.00
7271,  1.00
7272,  1.00
7273,  1.00
7274,  1.00
7275,  1.00
7276,  1.00
7277,  1.00
7278,  1.00
7279,  1.00
7280,  1.00
7281,  1.00
7282,  1.00
7283,  1.00
7284,  1.00
7285,  1.00
7286,  1.00
7287,  1.00
7288,  1.00
7289,  1.00
7290,  1.00
7291,  1.00
7292,  1.00
7293,  1.00
7294,  1.00
7295,  1.00
7296,  1.00
7297,  1.00
7298,  1.00
7299,  1.00
7300,  1.00
7301,  1.00
7302,  0.99
7303,  1.00
7304,  1.00
7305,  1.00
7306,  1.00
7307,  1.00
7308,  1.00
7309,  1.00
7310,  1.00
7311,  0.99
7312,  1.00
7313,  0.99
7314,  1.00
7315,  1.00
7316,  1.00
7317,  1.00
7318,  1.00
7319,  1.00
7320,  1.00
7321,  1.00
7322,  1.00
7323,  1.00
7324,  1.00
7325,  1.00
7326,  1.00
7327,  1.00
7328,  1.00
7329,  0.99
7330,  1.00
7331,  1.00
7332,  1.00
7333,  1.00
7334,  0.99
7335,  1.00
7336,  1.00
7337,  1.00
7338,  1.00
7339,  1.00
7340,  0.99
7341,  1.00
7342,  1.00
7343,  1.00
7344,  0.82
7345,  0.97
7346,  0.98
7347,  0.99
7348,  0.99
7349,  1.00
7350,  1.00
7351,  1.00
7352,  1.00
7353,  1.00
7354,  1.00
7355,  1.00
7356,  1.00
7357,  1.00
7358,  0.99
7359,  1.00
7360,  1.00
7361,  1.00
7362,  1.00
7363,  1.00
7364,  1.00
7365,  1.00
7366,  1.00
7367,  1.00
7368,  0.99
7369,  1.00
7370,  1.00
7371,  1.00
7372,  1.00
7373,  1.00
7374,  1.00
7375,  1.00
7376,  0.99
7377,  1.00
7378,  1.00
7379,  1.00
7380,  1.00
7381,  1.00
7382,  1.00
7383,  1.00
7384,  1.00
7385,  1.00
7386,  1.00
7387,  1.00
7388,  1.00
7389,  1.00
7390,  1.00
7391,  1.00
7392,  1.00
7393,  1.00
7394,  1.00
7395,  1.00
7396,  1.00
7397,  1.00
7398,  1.00
7399,  1.00
7400,  1.00
7401,  1.00
7402,  1.00
7403,  1.00
7404,  1.00
7405,  1.00
7406,  1.00
7407,  1.00
7408,  1.00
7409,  1.00
7410,  0.99
7411,  1.00
7412,  1.00
7413,  0.99
7414,  0.99
7415,  1.00
7416,  1.00
7417,  1.00
7418,  1.00
7419,  1.00
7420,  1.00
7421,  1.00
7422,  0.99
7423,  1.00
7424,  0.99
7425,  1.00
7426,  1.00
7427,  1.00
7428,  1.00
7429,  1.00
7430,  1.00
7431,  1.00
7432,  1.00
7433,  1.00
7434,  1.00
7435,  1.00
7436,  1.00
7437,  1.00
7438,  1.00
7439,  1.00
7440,  1.00
7441,  0.99
7442,  0.99
7443,  1.00
7444,  1.00
7445,  1.00
7446,  1.00
7447,  1.00
7448,  0.99
7449,  1.00
7450,  1.00
7451,  1.00
7452,  1.00
7453,  1.00
7454,  1.00
7455,  1.00
7456,  1.00
7457,  1.00
7458,  1.00
7459,  1.00
7460,  1.00
7461,  1.00
7462,  1.00
7463,  1.00
7464,  1.00
7465,  1.00
7466,  1.00
7467,  1.00
7468,  1.00
7469,  1.00
7470,  1.00
7471,  1.00
7472,  1.00
7473,  1.00
7474,  1.00
7475,  1.00
7476,  1.00
7477,  1.00
7478,  1.00
7479,  0.99
7480,  0.99
7481,  0.99
7482,  1.00
7483,  1.00
7484,  1.00
7485,  1.00
7486,  1.00
7487,  1.00
7488,  0.99
7489,  0.99
7490,  1.00
7491,  1.00
7492,  1.00
7493,  1.00
7494,  1.00
7495,  1.00
7496,  1.00
7497,  1.00
7498,  1.00
7499,  1.00
7500,  0.99
7501,  1.00
7502,  1.00
7503,  1.00
7504,  1.00
7505,  1.00
7506,  1.00
7507,  1.00
7508,  1.00
7509,  1.00
7510,  1.00
7511,  1.00
7512,  1.00
7513,  1.00
7514,  1.00
7515,  1.00
7516,  1.00
7517,  1.00
7518,  1.00
7519,  1.00
7520,  1.00
7521,  1.00
7522,  1.00
7523,  1.00
7524,  1.00
7525,  1.00
7526,  1.00
7527,  1.00
7528,  1.00
7529,  0.99
7530,  1.00
7531,  1.00
7532,  1.00
7533,  1.00
7534,  1.00
7535,  1.00
7536,  1.00
7537,  1.00
7538,  1.00
7539,  1.00
7540,  1.00
7541,  1.00
7542,  1.00
7543,  1.00
7544,  1.00
7545,  1.00
7546,  1.00
7547,  0.99
7548,  1.00
7549,  1.00
7550,  1.00
7551,  1.00
7552,  1.00
7553,  1.00
7554,  1.00
7555,  1.00
7556,  1.00
7557,  1.00
7558,  1.00
7559,  1.00
7560,  1.00
7561,  1.00
7562,  1.00
7563,  1.00
7564,  1.00
7565,  1.00
7566,  1.00
7567,  0.99
7568,  1.00
7569,  0.99
7570,  1.00
7571,  1.00
7572,  1.00
7573,  1.00
7574,  1.00
7575,  1.00
7576,  1.00
7577,  1.00
7578,  1.00
7579,  1.00
7580,  1.00
7581,  1.00
7582,  1.00
7583,  1.00
7584,  1.00
7585,  1.00
7586,  1.00
7587,  1.00
7588,  1.00
7589,  1.00
7590,  1.00
7591,  1.00
7592,  1.00
7593,  1.00
7594,  1.00
7595,  1.00
7596,  1.00
7597,  1.00
7598,  1.00
