1,  0.10
2,  0.10
3,  0.11
4,  0.10
5,  0.12
6,  0.11
7,  0.11
8,  0.10
9,  0.12
10,  0.10
11,  0.14
12,  0.16
13,  0.18
14,  0.22
15,  0.22
16,  0.32
17,  0.23
18,  0.14
19,  0.11
20,  0.11
21,  0.11
22,  0.32
23,  0.07
24,  0.02
25,  0.02
26,  0.01
27,  0.02
28,  0.01
29,  0.02
30,  0.03
31,  0.03
32,  0.02
33,  0.01
34,  0.02
35,  0.03
36,  0.02
37,  0.01
38,  0.04
39,  0.02
40,  0.01
41,  0.01
42,  0.02
43,  0.00
44,  0.01
45,  0.12
46,  0.00
47,  0.03
48,  0.01
49,  0.01
50,  0.05
51,  0.01
52,  0.01
53,  0.05
54,  0.02
55,  0.04
56,  0.02
57,  0.03
58,  0.01
59,  0.02
60,  0.03
61,  0.01
62,  0.01
63,  0.01
64,  0.01
65,  0.02
66,  0.03
67,  0.02
68,  0.04
69,  0.02
70,  0.02
71,  0.00
72,  0.11
73,  0.01
74,  0.07
75,  0.00
76,  0.01
77,  0.01
78,  0.01
79,  0.00
80,  0.01
81,  0.01
82,  0.04
83,  0.04
84,  0.00
85,  0.01
86,  0.01
87,  0.01
88,  0.01
89,  0.01
90,  0.01
91,  0.01
92,  0.01
93,  0.01
94,  0.03
95,  0.01
96,  0.01
97,  0.01
98,  0.01
99,  0.01
100,  0.01
101,  0.01
102,  0.02
103,  0.01
104,  0.01
105,  0.01
106,  0.01
107,  0.01
108,  0.01
109,  0.01
110,  0.01
111,  0.03
112,  0.01
113,  0.02
114,  0.01
115,  0.01
116,  0.02
117,  0.01
118,  0.01
119,  0.01
120,  0.01
121,  0.01
122,  0.01
123,  0.01
124,  0.03
125,  0.02
126,  0.03
127,  0.03
128,  0.03
129,  0.03
130,  0.02
131,  0.03
132,  0.03
133,  0.02
134,  0.02
135,  0.05
136,  0.03
137,  0.02
138,  0.02
139,  0.03
140,  0.01
141,  0.01
142,  0.02
143,  0.01
144,  0.02
145,  0.01
146,  0.02
147,  0.01
148,  0.01
149,  0.01
150,  0.01
151,  0.01
152,  0.01
153,  0.01
154,  0.01
155,  0.01
156,  0.01
157,  0.01
158,  0.02
159,  0.02
160,  0.00
161,  0.01
162,  0.00
163,  0.00
164,  0.01
165,  0.01
166,  0.00
167,  0.01
168,  0.01
169,  0.02
170,  0.01
171,  0.02
172,  0.03
173,  0.02
174,  0.02
175,  0.02
176,  0.05
177,  0.07
178,  0.08
179,  0.10
180,  0.14
181,  0.15
182,  0.10
183,  0.12
184,  0.12
185,  0.15
186,  0.13
187,  0.07
188,  0.13
189,  0.11
190,  0.13
191,  0.13
192,  0.09
193,  0.10
194,  0.09
195,  0.07
196,  0.07
197,  0.08
198,  0.06
199,  0.07
200,  0.11
201,  0.10
202,  0.11
203,  0.12
204,  0.08
205,  0.09
206,  0.08
207,  0.07
208,  0.08
209,  0.07
210,  0.09
211,  0.07
212,  0.08
213,  0.12
214,  0.06
215,  0.05
216,  0.03
217,  0.05
218,  0.05
219,  0.01
220,  0.01
221,  0.01
222,  0.01
223,  0.01
224,  0.01
225,  0.01
226,  0.01
227,  0.01
228,  0.02
229,  0.02
230,  0.02
231,  0.01
232,  0.01
233,  0.01
234,  0.01
235,  0.01
236,  0.05
237,  0.04
238,  0.01
239,  0.01
240,  0.01
241,  0.01
242,  0.07
243,  0.04
244,  0.09
245,  0.10
246,  0.12
247,  0.22
248,  0.46
249,  0.21
250,  0.19
251,  0.34
252,  0.41
253,  0.16
254,  0.07
255,  0.02
256,  0.04
257,  0.01
258,  0.07
259,  0.02
260,  0.01
261,  0.01
262,  0.01
263,  0.02
264,  0.04
265,  0.05
266,  0.05
267,  0.04
268,  0.03
269,  0.05
270,  0.38
271,  0.24
272,  0.14
273,  0.06
274,  0.03
275,  0.04
276,  0.04
277,  0.03
278,  0.01
279,  0.08
280,  0.01
281,  0.04
282,  0.12
283,  0.14
284,  0.14
285,  0.17
286,  0.09
287,  0.13
288,  0.23
289,  0.11
290,  0.01
291,  0.00
292,  0.00
293,  0.00
294,  0.00
295,  0.00
296,  0.02
297,  0.27
298,  0.29
299,  0.14
300,  0.15
301,  0.14
302,  0.13
303,  0.00
304,  0.00
305,  0.00
306,  0.00
307,  0.00
308,  0.00
309,  0.00
310,  0.00
311,  0.00
312,  0.00
313,  0.00
314,  0.00
315,  0.00
316,  0.00
317,  0.00
318,  0.00
319,  0.00
320,  0.00
321,  0.00
322,  0.00
323,  0.00
324,  0.00
325,  0.00
326,  0.00
327,  0.00
328,  0.00
329,  0.00
330,  0.00
331,  0.00
332,  0.00
333,  0.00
334,  0.01
335,  0.02
336,  0.02
337,  0.00
338,  0.00
339,  0.00
340,  0.00
341,  0.00
342,  0.03
343,  0.04
344,  0.00
345,  0.00
346,  0.00
347,  0.00
348,  0.00
349,  0.00
350,  0.00
351,  0.01
352,  0.13
353,  0.04
354,  0.00
355,  0.00
356,  0.00
357,  0.00
358,  0.01
359,  0.04
360,  0.02
361,  0.01
362,  0.00
363,  0.00
364,  0.00
365,  0.00
366,  0.00
367,  0.00
368,  0.00
369,  0.00
370,  0.00
371,  0.00
372,  0.00
373,  0.00
374,  0.00
375,  0.00
376,  0.00
377,  0.00
378,  0.00
379,  0.03
380,  0.00
381,  0.00
382,  0.01
383,  0.00
384,  0.01
385,  0.03
386,  0.05
387,  0.05
388,  0.03
389,  0.04
390,  0.03
391,  0.00
392,  0.00
393,  0.01
394,  0.01
395,  0.00
396,  0.01
397,  0.06
398,  0.11
399,  0.11
400,  0.06
401,  0.04
402,  0.01
403,  0.00
404,  0.00
405,  0.00
406,  0.00
407,  0.00
408,  0.00
409,  0.01
410,  0.01
411,  0.00
412,  0.00
413,  0.01
414,  0.07
415,  0.03
416,  0.02
417,  0.00
418,  0.01
419,  0.00
420,  0.00
421,  0.01
422,  0.02
423,  0.01
424,  0.01
425,  0.00
426,  0.00
427,  0.00
428,  0.00
429,  0.00
430,  0.01
431,  0.00
432,  0.00
433,  0.00
434,  0.00
435,  0.01
436,  0.00
437,  0.00
438,  0.00
439,  0.00
440,  0.00
441,  0.00
442,  0.00
443,  0.00
444,  0.00
445,  0.00
446,  0.00
447,  0.00
448,  0.00
449,  0.00
450,  0.00
451,  0.00
452,  0.00
453,  0.00
454,  0.00
455,  0.00
456,  0.00
457,  0.11
458,  0.21
459,  0.00
460,  0.00
461,  0.00
462,  0.00
463,  0.00
464,  0.00
465,  0.00
466,  0.00
467,  0.00
468,  0.00
469,  0.00
470,  0.00
471,  0.01
472,  0.00
473,  0.01
474,  0.01
475,  0.01
476,  0.04
477,  0.01
478,  0.00
479,  0.03
480,  0.06
481,  0.03
482,  0.11
483,  0.06
484,  0.03
485,  0.06
486,  0.02
487,  0.08
488,  0.03
489,  0.05
490,  0.09
491,  0.02
492,  0.07
493,  0.08
494,  0.04
495,  0.16
496,  0.03
497,  0.02
498,  0.04
499,  0.03
500,  0.03
501,  0.07
502,  0.02
503,  0.03
504,  0.05
505,  0.04
506,  0.10
507,  0.04
508,  0.07
509,  0.04
510,  0.04
511,  0.05
512,  0.07
513,  0.03
514,  0.04
515,  0.04
516,  0.05
517,  0.05
518,  0.04
519,  0.05
520,  0.03
521,  0.05
522,  0.04
523,  0.09
524,  0.03
525,  0.05
526,  0.07
527,  0.07
528,  0.08
529,  0.07
530,  0.07
531,  0.09
532,  0.09
533,  0.08
534,  0.07
535,  0.04
536,  0.08
537,  0.10
538,  0.01
539,  0.07
540,  0.09
541,  0.24
542,  0.35
543,  0.26
544,  0.34
545,  0.27
546,  0.26
547,  0.23
548,  0.24
549,  0.16
550,  0.14
551,  0.12
552,  0.07
553,  0.09
554,  0.12
555,  0.13
556,  0.06
557,  0.13
558,  0.07
559,  0.07
560,  0.08
561,  0.07
562,  0.12
563,  0.13
564,  0.08
565,  0.08
566,  0.08
567,  0.09
568,  0.09
569,  0.08
570,  0.08
571,  0.08
572,  0.17
573,  0.14
574,  0.29
575,  0.20
576,  0.22
577,  0.23
578,  0.11
579,  0.23
580,  0.24
581,  0.07
582,  0.16
583,  0.20
584,  0.21
585,  0.33
586,  0.22
587,  0.26
588,  0.26
589,  0.24
590,  0.25
591,  0.24
592,  0.33
593,  0.27
594,  0.31
595,  0.33
596,  0.31
597,  0.31
598,  0.27
599,  0.32
600,  0.39
601,  0.43
602,  0.44
603,  0.34
604,  0.28
605,  0.38
606,  0.38
607,  0.41
608,  0.44
609,  0.42
610,  0.39
611,  0.41
612,  0.44
613,  0.39
614,  0.42
615,  0.47
616,  0.41
617,  0.29
618,  0.25
619,  0.22
620,  0.22
621,  0.30
622,  0.39
623,  0.45
624,  0.46
625,  0.45
626,  0.48
627,  0.45
628,  0.41
629,  0.35
630,  0.43
631,  0.46
632,  0.45
633,  0.47
634,  0.48
635,  0.45
636,  0.41
637,  0.48
638,  0.44
639,  0.46
640,  0.42
641,  0.46
642,  0.47
643,  0.48
644,  0.43
645,  0.48
646,  0.47
647,  0.51
648,  0.51
649,  0.45
650,  0.38
651,  0.55
652,  0.50
653,  0.50
654,  0.50
655,  0.48
656,  0.51
657,  0.52
658,  0.49
659,  0.51
660,  0.49
661,  0.52
662,  0.49
663,  0.39
664,  0.49
665,  0.46
666,  0.47
667,  0.47
668,  0.45
669,  0.48
670,  0.47
671,  0.51
672,  0.48
673,  0.49
674,  0.49
675,  0.49
676,  0.49
677,  0.52
678,  0.48
679,  0.50
680,  0.49
681,  0.50
682,  0.48
683,  0.48
684,  0.50
685,  0.48
686,  0.51
687,  0.50
688,  0.50
689,  0.49
690,  0.51
691,  0.50
692,  0.44
693,  0.45
694,  0.43
695,  0.45
696,  0.47
697,  0.47
698,  0.43
699,  0.44
700,  0.43
701,  0.64
702,  0.63
703,  0.69
704,  0.74
705,  0.74
706,  0.75
707,  0.72
708,  0.20
709,  0.15
710,  0.67
711,  0.70
712,  0.73
713,  0.72
714,  0.72
715,  0.75
716,  0.36
717,  0.58
718,  0.49
719,  0.53
720,  0.54
721,  0.53
722,  0.55
723,  0.57
724,  0.55
725,  0.57
726,  0.55
727,  0.55
728,  0.59
729,  0.57
730,  0.59
731,  0.61
732,  0.64
733,  0.65
734,  0.67
735,  0.66
736,  0.71
737,  0.63
738,  0.66
739,  0.72
740,  0.73
741,  0.73
742,  0.75
743,  0.78
744,  0.75
745,  0.74
746,  0.68
747,  0.73
748,  0.74
749,  0.75
750,  0.69
751,  0.73
752,  0.68
753,  0.46
754,  0.00
755,  0.00
756,  0.00
757,  0.00
758,  0.00
759,  0.00
760,  0.01
761,  0.00
762,  0.04
763,  0.33
764,  0.29
765,  0.33
766,  0.43
767,  0.36
768,  0.37
769,  0.34
770,  0.37
771,  0.36
772,  0.39
773,  0.41
774,  0.38
775,  0.34
776,  0.39
777,  0.43
778,  0.37
779,  0.43
780,  0.41
781,  0.41
782,  0.41
783,  0.40
784,  0.39
785,  0.38
786,  0.20
787,  0.15
788,  0.44
789,  0.43
790,  0.41
791,  0.42
792,  0.42
793,  0.42
794,  0.37
795,  0.40
796,  0.37
797,  0.45
798,  0.41
799,  0.38
800,  0.39
801,  0.41
802,  0.40
803,  0.38
804,  0.43
805,  0.39
806,  0.40
807,  0.45
808,  0.37
809,  0.42
810,  0.39
811,  0.44
812,  0.40
813,  0.43
814,  0.45
815,  0.39
816,  0.41
817,  0.44
818,  0.45
819,  0.43
820,  0.38
821,  0.32
822,  0.36
823,  0.42
824,  0.42
825,  0.43
826,  0.42
827,  0.45
828,  0.42
829,  0.41
830,  0.39
831,  0.38
832,  0.44
833,  0.40
834,  0.39
835,  0.43
836,  0.40
837,  0.34
838,  0.32
839,  0.44
840,  0.78
841,  0.79
842,  0.79
843,  0.81
844,  0.74
845,  0.67
846,  0.81
847,  0.55
848,  0.14
849,  0.17
850,  0.15
851,  0.42
852,  0.63
853,  0.63
854,  0.43
855,  0.41
856,  0.39
857,  0.32
858,  0.16
859,  0.00
860,  0.00
861,  0.01
862,  0.35
863,  0.70
864,  0.71
865,  0.73
866,  0.73
867,  0.56
868,  0.76
869,  0.37
870,  0.63
871,  0.62
872,  0.45
873,  0.73
874,  0.56
875,  0.38
876,  0.26
877,  0.14
878,  0.00
879,  0.06
880,  0.30
881,  0.50
882,  0.20
883,  0.19
884,  0.37
885,  0.55
886,  0.26
887,  0.16
888,  0.44
889,  0.34
890,  0.50
891,  0.22
892,  0.30
893,  0.49
894,  0.25
895,  0.05
896,  0.36
897,  0.28
898,  0.30
899,  0.28
900,  0.30
901,  0.23
902,  0.29
903,  0.26
904,  0.21
905,  0.22
906,  0.17
907,  0.27
908,  0.29
909,  0.41
910,  0.46
911,  0.18
912,  0.00
913,  0.00
914,  0.00
915,  0.00
916,  0.00
917,  0.00
918,  0.00
919,  0.00
920,  0.00
921,  0.00
922,  0.13
923,  0.33
924,  0.25
925,  0.43
926,  0.45
927,  0.46
928,  0.49
929,  0.43
930,  0.36
931,  0.57
932,  0.57
933,  0.60
934,  0.59
935,  0.56
936,  0.47
937,  0.45
938,  0.39
939,  0.42
940,  0.42
941,  0.40
942,  0.38
943,  0.40
944,  0.41
945,  0.40
946,  0.39
947,  0.34
948,  0.37
949,  0.31
950,  0.21
951,  0.30
952,  0.33
953,  0.28
954,  0.33
955,  0.38
956,  0.32
957,  0.29
958,  0.38
959,  0.41
960,  0.42
961,  0.40
962,  0.29
963,  0.36
964,  0.39
965,  0.35
966,  0.35
967,  0.38
968,  0.47
969,  0.44
970,  0.41
971,  0.45
972,  0.39
973,  0.38
974,  0.33
975,  0.27
976,  0.25
977,  0.20
978,  0.30
979,  0.24
980,  0.27
981,  0.26
982,  0.21
983,  0.31
984,  0.43
985,  0.31
986,  0.25
987,  0.27
988,  0.37
989,  0.36
990,  0.38
991,  0.40
992,  0.37
993,  0.33
994,  0.39
995,  0.36
996,  0.34
997,  0.33
998,  0.32
999,  0.38
1000,  0.32
1001,  0.40
1002,  0.54
1003,  0.36
1004,  0.38
1005,  0.32
1006,  0.31
1007,  0.26
1008,  0.27
1009,  0.28
1010,  0.28
1011,  0.30
1012,  0.30
1013,  0.31
1014,  0.30
1015,  0.29
1016,  0.18
1017,  0.27
1018,  0.26
1019,  0.29
1020,  0.30
1021,  0.29
1022,  0.31
1023,  0.33
1024,  0.33
1025,  0.31
1026,  0.25
1027,  0.27
1028,  0.23
1029,  0.27
1030,  0.32
1031,  0.31
1032,  0.31
1033,  0.32
1034,  0.28
1035,  0.31
1036,  0.26
1037,  0.34
1038,  0.30
1039,  0.33
1040,  0.29
1041,  0.34
1042,  0.68
1043,  0.69
1044,  0.77
1045,  0.79
1046,  0.80
1047,  0.85
1048,  0.80
1049,  0.79
1050,  0.83
1051,  0.78
1052,  0.85
1053,  0.82
1054,  0.85
1055,  0.81
1056,  0.55
1057,  0.75
1058,  0.44
1059,  0.21
1060,  0.21
1061,  0.11
1062,  0.16
1063,  0.07
1064,  0.10
1065,  0.20
1066,  0.12
1067,  0.05
1068,  0.08
1069,  0.13
1070,  0.17
1071,  0.20
1072,  0.39
1073,  0.37
1074,  0.35
1075,  0.31
1076,  0.24
1077,  0.08
1078,  0.32
1079,  0.25
1080,  0.25
1081,  0.31
1082,  0.26
1083,  0.30
1084,  0.28
1085,  0.28
1086,  0.35
1087,  0.28
1088,  0.29
1089,  0.32
1090,  0.34
1091,  0.26
1092,  0.26
1093,  0.27
1094,  0.29
1095,  0.28
1096,  0.27
1097,  0.28
1098,  0.27
1099,  0.29
1100,  0.28
1101,  0.29
1102,  0.28
1103,  0.21
1104,  0.14
1105,  0.25
1106,  0.21
1107,  0.33
1108,  0.31
1109,  0.29
1110,  0.29
1111,  0.24
1112,  0.26
1113,  0.27
1114,  0.27
1115,  0.28
1116,  0.52
1117,  0.23
1118,  0.28
1119,  0.29
1120,  0.29
1121,  0.32
1122,  0.31
1123,  0.26
1124,  0.26
1125,  0.34
1126,  0.32
1127,  0.34
1128,  0.30
1129,  0.27
1130,  0.28
1131,  0.28
1132,  0.28
1133,  0.32
1134,  0.53
1135,  0.41
1136,  0.13
1137,  0.35
1138,  0.36
1139,  0.41
1140,  0.33
1141,  0.30
1142,  0.29
1143,  0.27
1144,  0.32
1145,  0.27
1146,  0.27
1147,  0.28
1148,  0.28
1149,  0.32
1150,  0.30
1151,  0.31
1152,  0.36
1153,  0.48
1154,  0.14
1155,  0.06
1156,  0.30
1157,  0.31
1158,  0.31
1159,  0.30
1160,  0.28
1161,  0.29
1162,  0.27
1163,  0.30
1164,  0.29
1165,  0.32
1166,  0.29
1167,  0.31
1168,  0.30
1169,  0.27
1170,  0.28
1171,  0.58
1172,  0.70
1173,  0.25
1174,  0.32
1175,  0.31
1176,  0.28
1177,  0.30
1178,  0.27
1179,  0.27
1180,  0.25
1181,  0.30
1182,  0.26
1183,  0.28
1184,  0.31
1185,  0.26
1186,  0.31
1187,  0.28
1188,  0.26
1189,  0.31
1190,  0.31
1191,  0.33
1192,  0.28
1193,  0.30
1194,  0.30
1195,  0.29
1196,  0.29
1197,  0.26
1198,  0.25
1199,  0.29
1200,  0.27
1201,  0.29
1202,  0.29
1203,  0.25
1204,  0.26
1205,  0.26
1206,  0.31
1207,  0.28
1208,  0.26
1209,  0.29
1210,  0.29
1211,  0.29
1212,  0.29
1213,  0.30
1214,  0.33
1215,  0.32
1216,  0.29
1217,  0.30
1218,  0.48
1219,  0.53
1220,  0.37
1221,  0.21
1222,  0.39
1223,  0.44
1224,  0.28
1225,  0.30
1226,  0.28
1227,  0.29
1228,  0.25
1229,  0.27
1230,  0.27
1231,  0.30
1232,  0.28
1233,  0.23
1234,  0.27
1235,  0.33
1236,  0.27
1237,  0.31
1238,  0.30
1239,  0.52
1240,  0.38
1241,  0.33
1242,  0.26
1243,  0.28
1244,  0.29
1245,  0.26
1246,  0.29
1247,  0.29
1248,  0.29
1249,  0.30
1250,  0.36
1251,  0.29
1252,  0.29
1253,  0.27
1254,  0.33
1255,  0.30
1256,  0.28
1257,  0.27
1258,  0.33
1259,  0.33
1260,  0.29
1261,  0.27
1262,  0.27
1263,  0.27
1264,  0.29
1265,  0.27
1266,  0.31
1267,  0.34
1268,  0.32
1269,  0.52
1270,  0.31
1271,  0.32
1272,  0.31
1273,  0.29
1274,  0.27
1275,  0.26
1276,  0.31
1277,  0.36
1278,  0.26
1279,  0.30
1280,  0.27
1281,  0.26
1282,  0.37
1283,  0.30
1284,  0.37
1285,  0.43
1286,  0.52
1287,  0.51
1288,  0.46
1289,  0.40
1290,  0.37
1291,  0.31
1292,  0.32
1293,  0.34
1294,  0.31
1295,  0.29
1296,  0.29
1297,  0.34
1298,  0.28
1299,  0.28
1300,  0.30
1301,  0.33
1302,  0.33
1303,  0.33
1304,  0.27
1305,  0.32
1306,  0.30
1307,  0.35
1308,  0.29
1309,  0.31
1310,  0.31
1311,  0.29
1312,  0.47
1313,  0.39
1314,  0.30
1315,  0.31
1316,  0.30
1317,  0.35
1318,  0.33
1319,  0.29
1320,  0.26
1321,  0.27
1322,  0.26
1323,  0.27
1324,  0.54
1325,  0.39
1326,  0.34
1327,  0.34
1328,  0.31
1329,  0.28
1330,  0.37
1331,  0.35
1332,  0.30
1333,  0.28
1334,  0.30
1335,  0.30
1336,  0.30
1337,  0.29
1338,  0.42
1339,  0.39
1340,  0.30
1341,  0.29
1342,  0.30
1343,  0.29
1344,  0.30
1345,  0.36
1346,  0.27
1347,  0.28
1348,  0.31
1349,  0.29
1350,  0.28
1351,  0.33
1352,  0.48
1353,  0.37
1354,  0.34
1355,  0.33
1356,  0.32
1357,  0.29
1358,  0.30
1359,  0.28
1360,  0.29
1361,  0.29
1362,  0.33
1363,  0.31
1364,  0.35
1365,  0.40
1366,  0.42
1367,  0.27
1368,  0.39
1369,  0.31
1370,  0.29
1371,  0.36
1372,  0.34
1373,  0.33
1374,  0.33
1375,  0.31
1376,  0.31
1377,  0.33
1378,  0.33
1379,  0.34
1380,  0.31
1381,  0.30
1382,  0.31
1383,  0.28
1384,  0.29
1385,  0.33
1386,  0.33
1387,  0.16
1388,  0.34
1389,  0.26
1390,  0.33
1391,  0.36
1392,  0.31
1393,  0.33
1394,  0.32
1395,  0.30
1396,  0.30
1397,  0.33
1398,  0.29
1399,  0.29
1400,  0.31
1401,  0.40
1402,  0.32
1403,  0.36
1404,  0.35
1405,  0.32
1406,  0.32
1407,  0.32
1408,  0.34
1409,  0.35
1410,  0.35
1411,  0.33
1412,  0.34
1413,  0.46
1414,  0.34
1415,  0.32
1416,  0.32
1417,  0.31
1418,  0.34
1419,  0.35
1420,  0.35
1421,  0.34
1422,  0.25
1423,  0.26
1424,  0.29
1425,  0.31
1426,  0.30
1427,  0.30
1428,  0.36
1429,  0.34
1430,  0.36
1431,  0.35
1432,  0.33
1433,  0.37
1434,  0.34
1435,  0.32
1436,  0.32
1437,  0.32
1438,  0.30
1439,  0.32
1440,  0.32
1441,  0.35
1442,  0.33
1443,  0.35
1444,  0.33
1445,  0.33
1446,  0.37
1447,  0.36
1448,  0.34
1449,  0.33
1450,  0.38
1451,  0.33
1452,  0.34
1453,  0.38
1454,  0.32
1455,  0.38
1456,  0.36
1457,  0.33
1458,  0.42
1459,  0.36
1460,  0.32
1461,  0.37
1462,  0.38
1463,  0.38
1464,  0.42
1465,  0.38
1466,  0.38
1467,  0.35
1468,  0.35
1469,  0.36
1470,  0.36
1471,  0.32
1472,  0.33
1473,  0.38
1474,  0.40
1475,  0.33
1476,  0.34
1477,  0.34
1478,  0.35
1479,  0.32
1480,  0.29
1481,  0.33
1482,  0.36
1483,  0.35
1484,  0.32
1485,  0.33
1486,  0.36
1487,  0.33
1488,  0.39
1489,  0.30
1490,  0.33
1491,  0.36
1492,  0.37
1493,  0.32
1494,  0.38
1495,  0.35
1496,  0.35
1497,  0.35
1498,  0.32
1499,  0.35
1500,  0.37
1501,  0.35
1502,  0.33
1503,  0.25
1504,  0.35
1505,  0.37
1506,  0.34
1507,  0.28
1508,  0.39
1509,  0.34
1510,  0.33
1511,  0.31
1512,  0.42
1513,  0.37
1514,  0.36
1515,  0.34
1516,  0.33
1517,  0.33
1518,  0.32
1519,  0.34
1520,  0.33
1521,  0.36
1522,  0.34
1523,  0.36
1524,  0.35
1525,  0.36
1526,  0.43
1527,  0.41
1528,  0.34
1529,  0.32
1530,  0.33
1531,  0.33
1532,  0.37
1533,  0.36
1534,  0.32
1535,  0.31
1536,  0.32
1537,  0.35
1538,  0.31
1539,  0.36
1540,  0.34
1541,  0.35
1542,  0.33
1543,  0.34
1544,  0.34
1545,  0.36
1546,  0.37
1547,  0.39
1548,  0.33
1549,  0.29
1550,  0.32
1551,  0.32
1552,  0.34
1553,  0.30
1554,  0.39
1555,  0.34
1556,  0.22
1557,  0.08
1558,  0.08
1559,  0.01
1560,  0.04
1561,  0.02
1562,  0.25
1563,  0.67
1564,  0.56
1565,  0.52
1566,  0.51
1567,  0.69
1568,  0.73
1569,  0.05
1570,  0.01
1571,  0.09
1572,  0.27
1573,  0.34
1574,  0.41
1575,  0.41
1576,  0.37
1577,  0.34
1578,  0.38
1579,  0.38
1580,  0.37
1581,  0.35
1582,  0.37
1583,  0.35
1584,  0.33
1585,  0.32
1586,  0.34
1587,  0.39
1588,  0.39
1589,  0.28
1590,  0.18
1591,  0.14
1592,  0.32
1593,  0.35
1594,  0.43
1595,  0.32
1596,  0.31
1597,  0.30
1598,  0.27
1599,  0.28
1600,  0.28
1601,  0.28
1602,  0.28
1603,  0.27
1604,  0.29
1605,  0.30
1606,  0.30
1607,  0.29
1608,  0.29
1609,  0.31
1610,  0.32
1611,  0.29
1612,  0.30
1613,  0.32
1614,  0.32
1615,  0.31
1616,  0.32
1617,  0.24
1618,  0.29
1619,  0.33
1620,  0.34
1621,  0.38
1622,  0.28
1623,  0.18
1624,  0.13
1625,  0.31
1626,  0.44
1627,  0.15
1628,  0.32
1629,  0.60
1630,  0.57
1631,  0.62
1632,  0.54
1633,  0.49
1634,  0.45
1635,  0.40
1636,  0.44
1637,  0.39
1638,  0.33
1639,  0.23
1640,  0.45
1641,  0.37
1642,  0.40
1643,  0.22
1644,  0.29
1645,  0.32
1646,  0.44
1647,  0.33
1648,  0.35
1649,  0.31
1650,  0.34
1651,  0.32
1652,  0.33
1653,  0.36
1654,  0.32
1655,  0.32
1656,  0.21
1657,  0.36
1658,  0.40
1659,  0.38
1660,  0.36
1661,  0.34
1662,  0.35
1663,  0.33
1664,  0.34
1665,  0.37
1666,  0.42
1667,  0.30
1668,  0.26
1669,  0.33
1670,  0.34
1671,  0.34
1672,  0.34
1673,  0.32
1674,  0.28
1675,  0.32
1676,  0.34
1677,  0.32
1678,  0.31
1679,  0.27
1680,  0.05
1681,  0.00
1682,  0.00
1683,  0.19
1684,  0.22
1685,  0.23
1686,  0.23
1687,  0.24
1688,  0.24
1689,  0.26
1690,  0.27
1691,  0.27
1692,  0.27
1693,  0.26
1694,  0.28
1695,  0.30
1696,  0.31
1697,  0.30
1698,  0.35
1699,  0.33
1700,  0.28
1701,  0.31
1702,  0.29
1703,  0.28
1704,  0.31
1705,  0.32
1706,  0.32
1707,  0.34
1708,  0.26
1709,  0.31
1710,  0.30
1711,  0.29
1712,  0.28
1713,  0.31
1714,  0.25
1715,  0.15
1716,  0.24
1717,  0.29
1718,  0.25
1719,  0.29
1720,  0.26
1721,  0.31
1722,  0.29
1723,  0.32
1724,  0.31
1725,  0.33
1726,  0.31
1727,  0.26
1728,  0.29
1729,  0.29
1730,  0.28
1731,  0.29
1732,  0.25
1733,  0.24
1734,  0.25
1735,  0.26
1736,  0.27
1737,  0.28
1738,  0.28
1739,  0.28
1740,  0.30
1741,  0.26
1742,  0.28
1743,  0.26
1744,  0.28
1745,  0.29
1746,  0.28
1747,  0.27
1748,  0.27
1749,  0.28
1750,  0.28
1751,  0.29
1752,  0.26
1753,  0.27
1754,  0.29
1755,  0.31
1756,  0.29
1757,  0.34
1758,  0.28
1759,  0.30
1760,  0.28
1761,  0.31
1762,  0.34
1763,  0.30
1764,  0.30
1765,  0.24
1766,  0.26
1767,  0.24
1768,  0.27
1769,  0.26
1770,  0.28
1771,  0.30
1772,  0.23
1773,  0.22
1774,  0.29
1775,  0.35
1776,  0.35
1777,  0.34
1778,  0.36
1779,  0.37
1780,  0.31
1781,  0.31
1782,  0.29
1783,  0.29
1784,  0.27
1785,  0.31
1786,  0.21
1787,  0.49
1788,  0.68
1789,  0.60
1790,  0.57
1791,  0.55
1792,  0.54
1793,  0.50
1794,  0.42
1795,  0.34
1796,  0.34
1797,  0.32
1798,  0.28
1799,  0.26
1800,  0.26
1801,  0.28
1802,  0.34
1803,  0.27
1804,  0.31
1805,  0.26
1806,  0.27
1807,  0.28
1808,  0.28
1809,  0.28
1810,  0.28
1811,  0.31
1812,  0.33
1813,  0.28
1814,  0.30
1815,  0.27
1816,  0.24
1817,  0.26
1818,  0.27
1819,  0.26
1820,  0.28
1821,  0.28
1822,  0.29
1823,  0.27
1824,  0.36
1825,  0.29
1826,  0.25
1827,  0.25
1828,  0.28
1829,  0.27
1830,  0.27
1831,  0.27
1832,  0.42
1833,  0.28
1834,  0.27
1835,  0.30
1836,  0.35
1837,  0.34
1838,  0.33
1839,  0.33
1840,  0.28
1841,  0.34
1842,  0.29
1843,  0.33
1844,  0.32
1845,  0.29
1846,  0.31
1847,  0.28
1848,  0.29
1849,  0.31
1850,  0.29
1851,  0.26
1852,  0.33
1853,  0.30
1854,  0.28
1855,  0.29
1856,  0.29
1857,  0.28
1858,  0.31
1859,  0.29
1860,  0.28
1861,  0.31
1862,  0.28
1863,  0.28
1864,  0.29
1865,  0.28
1866,  0.28
1867,  0.27
1868,  0.27
1869,  0.28
1870,  0.29
1871,  0.28
1872,  0.24
1873,  0.25
1874,  0.27
1875,  0.29
1876,  0.28
1877,  0.25
1878,  0.28
1879,  0.29
1880,  0.28
1881,  0.34
1882,  0.25
1883,  0.26
1884,  0.26
1885,  0.30
1886,  0.28
1887,  0.27
1888,  0.26
1889,  0.27
1890,  0.31
1891,  0.27
1892,  0.27
1893,  0.28
1894,  0.29
1895,  0.28
1896,  0.26
1897,  0.25
1898,  0.30
1899,  0.28
1900,  0.28
1901,  0.27
1902,  0.27
1903,  0.29
1904,  0.28
1905,  0.28
1906,  0.29
1907,  0.29
1908,  0.26
1909,  0.28
1910,  0.33
1911,  0.30
1912,  0.31
1913,  0.28
1914,  0.32
1915,  0.24
1916,  0.27
1917,  0.22
1918,  0.25
1919,  0.29
1920,  0.26
1921,  0.26
1922,  0.31
1923,  0.29
1924,  0.24
1925,  0.25
1926,  0.28
1927,  0.30
1928,  0.31
1929,  0.28
1930,  0.30
1931,  0.28
1932,  0.30
1933,  0.28
1934,  0.31
1935,  0.27
1936,  0.28
1937,  0.27
1938,  0.26
1939,  0.30
1940,  0.28
1941,  0.28
1942,  0.31
1943,  0.28
1944,  0.27
1945,  0.25
1946,  0.26
1947,  0.25
1948,  0.28
1949,  0.31
1950,  0.20
1951,  0.24
1952,  0.24
1953,  0.27
1954,  0.26
1955,  0.26
1956,  0.21
1957,  0.24
1958,  0.23
1959,  0.22
1960,  0.25
1961,  0.25
1962,  0.25
1963,  0.28
1964,  0.28
1965,  0.27
1966,  0.29
1967,  0.29
1968,  0.28
1969,  0.28
1970,  0.30
1971,  0.25
1972,  0.25
1973,  0.30
1974,  0.30
1975,  0.25
1976,  0.25
1977,  0.27
1978,  0.26
1979,  0.27
1980,  0.24
1981,  0.27
1982,  0.23
1983,  0.27
1984,  0.28
1985,  0.27
1986,  0.25
1987,  0.25
1988,  0.25
1989,  0.26
1990,  0.36
1991,  0.29
1992,  0.27
1993,  0.26
1994,  0.28
1995,  0.23
1996,  0.17
1997,  0.08
1998,  0.34
1999,  0.27
2000,  0.32
2001,  0.30
2002,  0.32
2003,  0.30
2004,  0.28
2005,  0.28
2006,  0.29
2007,  0.33
2008,  0.36
2009,  0.40
2010,  0.35
2011,  0.33
2012,  0.29
2013,  0.32
2014,  0.27
2015,  0.29
2016,  0.28
2017,  0.29
2018,  0.29
2019,  0.27
2020,  0.39
2021,  0.22
2022,  0.00
2023,  0.00
2024,  0.00
2025,  0.00
2026,  0.00
2027,  0.25
2028,  0.38
2029,  0.20
2030,  0.39
2031,  0.57
2032,  0.62
2033,  0.69
2034,  0.72
2035,  0.81
2036,  0.74
2037,  0.55
2038,  0.20
2039,  0.30
2040,  0.80
2041,  0.91
2042,  0.72
2043,  0.55
2044,  0.41
2045,  0.40
2046,  0.01
2047,  0.00
2048,  0.00
2049,  0.00
2050,  0.00
2051,  0.00
2052,  0.00
2053,  0.00
2054,  0.00
2055,  0.00
2056,  0.00
2057,  0.00
2058,  0.00
2059,  0.00
2060,  0.00
2061,  0.00
2062,  0.00
2063,  0.00
2064,  0.00
2065,  0.00
2066,  0.00
2067,  0.00
2068,  0.00
2069,  0.00
2070,  0.00
2071,  0.00
2072,  0.00
2073,  0.00
2074,  0.00
2075,  0.00
2076,  0.00
2077,  0.00
2078,  0.00
2079,  0.06
2080,  0.31
2081,  0.58
2082,  0.66
2083,  0.48
2084,  0.07
2085,  0.16
2086,  0.54
2087,  0.68
2088,  0.33
2089,  0.38
2090,  0.36
2091,  0.49
2092,  0.29
2093,  0.04
2094,  0.02
2095,  0.00
2096,  0.00
2097,  0.24
2098,  0.13
2099,  0.15
2100,  0.00
2101,  0.01
2102,  0.06
2103,  0.26
2104,  0.67
2105,  0.80
2106,  0.49
2107,  0.70
2108,  0.65
2109,  0.70
2110,  0.46
2111,  0.64
2112,  0.74
2113,  0.72
2114,  0.81
2115,  0.77
2116,  0.84
2117,  0.70
2118,  0.39
2119,  0.55
2120,  0.43
2121,  0.52
2122,  0.55
2123,  0.63
2124,  0.63
2125,  0.58
2126,  0.63
2127,  0.52
2128,  0.44
2129,  0.46
2130,  0.37
2131,  0.35
2132,  0.48
2133,  0.53
2134,  0.34
2135,  0.56
2136,  0.48
2137,  0.46
2138,  0.43
2139,  0.29
2140,  0.35
2141,  0.40
2142,  0.36
2143,  0.40
2144,  0.26
2145,  0.33
2146,  0.28
2147,  0.19
2148,  0.23
2149,  0.27
2150,  0.35
2151,  0.53
2152,  0.55
2153,  0.49
2154,  0.46
2155,  0.41
2156,  0.48
2157,  0.39
2158,  0.47
2159,  0.48
2160,  0.45
2161,  0.46
2162,  0.30
2163,  0.32
2164,  0.43
2165,  0.40
2166,  0.38
2167,  0.38
2168,  0.28
2169,  0.01
2170,  0.31
2171,  0.08
2172,  0.48
2173,  0.49
2174,  0.59
2175,  0.57
2176,  0.49
2177,  0.40
2178,  0.46
2179,  0.36
2180,  0.36
2181,  0.40
2182,  0.35
2183,  0.38
2184,  0.41
2185,  0.38
2186,  0.28
2187,  0.27
2188,  0.25
2189,  0.27
2190,  0.29
2191,  0.29
2192,  0.29
2193,  0.32
2194,  0.37
2195,  0.23
2196,  0.38
2197,  0.30
2198,  0.29
2199,  0.36
2200,  0.31
2201,  0.35
2202,  0.36
2203,  0.27
2204,  0.37
2205,  0.32
2206,  0.35
2207,  0.38
2208,  0.56
2209,  0.67
2210,  0.72
2211,  0.69
2212,  0.65
2213,  0.67
2214,  0.56
2215,  0.66
2216,  0.75
2217,  0.45
2218,  0.27
2219,  0.16
2220,  0.23
2221,  0.50
2222,  0.15
2223,  0.18
2224,  0.14
2225,  0.02
2226,  0.03
2227,  0.22
2228,  0.24
2229,  0.31
2230,  0.46
2231,  0.39
2232,  0.46
2233,  0.26
2234,  0.61
2235,  0.73
2236,  0.68
2237,  0.44
2238,  0.31
2239,  0.01
2240,  0.04
2241,  0.33
2242,  0.21
2243,  0.29
2244,  0.31
2245,  0.24
2246,  0.83
2247,  0.79
2248,  0.92
2249,  0.71
2250,  0.19
2251,  0.37
2252,  0.41
2253,  0.24
2254,  0.23
2255,  0.32
2256,  0.30
2257,  0.31
2258,  0.29
2259,  0.35
2260,  0.30
2261,  0.28
2262,  0.11
2263,  0.19
2264,  0.20
2265,  0.30
2266,  0.41
2267,  0.25
2268,  0.09
2269,  0.13
2270,  0.17
2271,  0.27
2272,  0.34
2273,  0.33
2274,  0.28
2275,  0.27
2276,  0.25
2277,  0.29
2278,  0.27
2279,  0.04
2280,  0.25
2281,  0.55
2282,  0.44
2283,  0.65
2284,  0.67
2285,  0.52
2286,  0.51
2287,  0.53
2288,  0.48
2289,  0.21
2290,  0.61
2291,  0.88
2292,  0.92
2293,  0.90
2294,  0.95
2295,  0.95
2296,  0.79
2297,  0.85
2298,  0.96
2299,  0.92
2300,  0.90
2301,  0.96
2302,  0.95
2303,  0.92
2304,  0.88
2305,  0.82
2306,  0.67
2307,  0.69
2308,  0.79
2309,  0.84
2310,  0.84
2311,  0.67
2312,  0.02
2313,  0.09
2314,  0.12
2315,  0.19
2316,  0.23
2317,  0.27
2318,  0.04
2319,  0.03
2320,  0.05
2321,  0.10
2322,  0.01
2323,  0.06
2324,  0.08
2325,  0.03
2326,  0.04
2327,  0.08
2328,  0.21
2329,  0.19
2330,  0.31
2331,  0.46
2332,  0.29
2333,  0.20
2334,  0.10
2335,  0.28
2336,  0.18
2337,  0.21
2338,  0.29
2339,  0.22
2340,  0.48
2341,  0.28
2342,  0.76
2343,  0.82
2344,  0.83
2345,  0.86
2346,  0.84
2347,  0.77
2348,  0.74
2349,  0.61
2350,  0.69
2351,  0.63
2352,  0.71
2353,  0.71
2354,  0.73
2355,  0.70
2356,  0.79
2357,  0.78
2358,  0.85
2359,  0.85
2360,  0.82
2361,  0.82
2362,  0.87
2363,  0.87
2364,  0.85
2365,  0.85
2366,  0.83
2367,  0.64
2368,  0.12
2369,  0.86
2370,  0.88
2371,  0.84
2372,  0.86
2373,  0.86
2374,  0.73
2375,  0.87
2376,  0.88
2377,  0.88
2378,  0.90
2379,  0.83
2380,  0.78
2381,  0.87
2382,  0.86
2383,  0.86
2384,  0.74
2385,  0.80
2386,  0.90
2387,  0.89
2388,  0.89
2389,  0.85
2390,  0.86
2391,  0.77
2392,  0.34
2393,  0.22
2394,  0.86
2395,  0.33
2396,  0.89
2397,  0.87
2398,  0.89
2399,  0.85
2400,  0.88
2401,  0.94
2402,  0.87
2403,  0.88
2404,  0.88
2405,  0.86
2406,  0.89
2407,  0.89
2408,  0.89
2409,  0.88
2410,  0.89
2411,  0.88
2412,  0.89
2413,  0.89
2414,  0.86
2415,  0.88
2416,  0.90
2417,  0.92
2418,  0.90
2419,  0.89
2420,  0.89
2421,  0.91
2422,  0.87
2423,  0.79
2424,  0.86
2425,  0.88
2426,  0.92
2427,  0.91
2428,  0.91
2429,  0.91
2430,  0.91
2431,  0.92
2432,  0.90
2433,  0.87
2434,  0.76
2435,  0.15
2436,  0.66
2437,  0.89
2438,  0.90
2439,  0.90
2440,  0.90
2441,  0.89
2442,  0.86
2443,  0.87
2444,  0.85
2445,  0.90
2446,  0.91
2447,  0.89
2448,  0.89
2449,  0.88
2450,  0.87
2451,  0.80
2452,  0.70
2453,  0.49
2454,  0.55
2455,  0.72
2456,  0.58
2457,  0.78
2458,  0.90
2459,  0.88
2460,  0.87
2461,  0.89
2462,  0.88
2463,  0.87
2464,  0.89
2465,  0.89
2466,  0.88
2467,  0.88
2468,  0.89
2469,  0.90
2470,  0.90
2471,  0.90
2472,  0.89
2473,  0.89
2474,  0.90
2475,  0.89
2476,  0.90
2477,  0.91
2478,  0.88
2479,  0.91
2480,  0.90
2481,  0.89
2482,  0.82
2483,  0.85
2484,  0.90
2485,  0.86
2486,  0.90
2487,  0.94
2488,  0.95
2489,  0.93
2490,  0.93
2491,  0.92
2492,  0.89
2493,  0.86
2494,  0.86
2495,  0.86
2496,  0.91
2497,  0.94
2498,  0.93
2499,  0.93
2500,  0.93
2501,  0.92
2502,  0.92
2503,  0.91
2504,  0.92
2505,  0.96
2506,  0.94
2507,  0.95
2508,  0.94
2509,  0.93
2510,  0.92
2511,  0.93
2512,  0.90
2513,  0.91
2514,  0.92
2515,  0.69
2516,  0.76
2517,  0.59
2518,  0.78
2519,  0.93
2520,  0.91
2521,  0.92
2522,  0.93
2523,  0.91
2524,  0.91
2525,  0.92
2526,  0.92
2527,  0.94
2528,  0.86
2529,  0.87
2530,  0.95
2531,  0.96
2532,  0.95
2533,  0.93
2534,  0.92
2535,  0.94
2536,  0.94
2537,  0.92
2538,  0.92
2539,  0.92
2540,  0.93
2541,  0.93
2542,  0.93
2543,  0.93
2544,  0.91
2545,  0.94
2546,  0.95
2547,  0.95
2548,  0.92
2549,  0.94
2550,  0.93
2551,  0.92
2552,  0.94
2553,  0.91
2554,  0.97
2555,  0.90
2556,  0.96
2557,  0.94
2558,  0.94
2559,  0.94
2560,  0.93
2561,  0.91
2562,  0.95
2563,  0.95
2564,  0.93
2565,  0.96
2566,  0.94
2567,  0.95
2568,  0.95
2569,  0.94
2570,  0.92
2571,  0.92
2572,  0.93
2573,  0.94
2574,  0.91
2575,  0.95
2576,  0.93
2577,  0.93
2578,  0.94
2579,  0.92
2580,  0.93
2581,  0.93
2582,  0.92
2583,  0.94
2584,  0.93
2585,  0.92
2586,  0.95
2587,  0.95
2588,  0.94
2589,  0.93
2590,  0.93
2591,  0.92
2592,  0.84
2593,  0.34
2594,  0.72
2595,  0.89
2596,  0.93
2597,  0.93
2598,  0.92
2599,  0.94
2600,  0.94
2601,  0.92
2602,  0.93
2603,  0.94
2604,  0.95
2605,  0.94
2606,  0.94
2607,  0.93
2608,  0.94
2609,  0.92
2610,  0.84
2611,  0.95
2612,  0.95
2613,  0.77
2614,  0.97
2615,  0.95
2616,  0.95
2617,  0.96
2618,  0.96
2619,  0.93
2620,  0.96
2621,  0.94
2622,  0.92
2623,  0.93
2624,  0.96
2625,  0.96
2626,  0.96
2627,  0.95
2628,  0.95
2629,  0.94
2630,  0.95
2631,  0.13
2632,  0.15
2633,  0.14
2634,  0.12
2635,  0.20
2636,  0.47
2637,  0.94
2638,  0.95
2639,  0.96
2640,  0.95
2641,  0.95
2642,  0.94
2643,  0.94
2644,  0.94
2645,  0.95
2646,  0.94
2647,  0.93
2648,  0.95
2649,  0.93
2650,  0.95
2651,  0.94
2652,  0.83
2653,  0.93
2654,  0.96
2655,  0.97
2656,  0.96
2657,  0.96
2658,  0.95
2659,  0.96
2660,  0.95
2661,  0.76
2662,  0.95
2663,  0.96
2664,  0.96
2665,  0.98
2666,  0.98
2667,  0.98
2668,  0.97
2669,  0.97
2670,  0.97
2671,  0.97
2672,  0.96
2673,  0.97
2674,  0.97
2675,  0.95
2676,  0.95
2677,  0.96
2678,  0.96
2679,  0.95
2680,  0.96
2681,  0.96
2682,  0.98
2683,  0.98
2684,  0.97
2685,  0.95
2686,  0.94
2687,  0.95
2688,  0.95
2689,  0.95
2690,  0.95
2691,  0.80
2692,  0.95
2693,  0.86
2694,  0.94
2695,  0.96
2696,  0.96
2697,  0.97
2698,  0.97
2699,  0.97
2700,  0.97
2701,  0.96
2702,  0.96
2703,  0.97
2704,  0.96
2705,  0.95
2706,  0.97
2707,  0.97
2708,  0.95
2709,  0.97
2710,  0.95
2711,  0.97
2712,  0.95
2713,  0.94
2714,  0.96
2715,  0.95
2716,  0.96
2717,  0.84
2718,  0.97
2719,  0.98
2720,  0.97
2721,  0.97
2722,  0.96
2723,  0.94
2724,  0.97
2725,  0.96
2726,  0.86
2727,  0.89
2728,  0.99
2729,  0.99
2730,  0.99
2731,  0.99
2732,  0.97
2733,  0.96
2734,  0.97
2735,  0.98
2736,  0.94
2737,  0.66
2738,  0.93
2739,  0.94
2740,  0.94
2741,  0.92
2742,  0.92
2743,  0.92
2744,  0.92
2745,  0.91
2746,  0.98
2747,  0.99
2748,  0.90
2749,  0.82
2750,  0.98
2751,  0.99
2752,  0.98
2753,  0.98
2754,  0.98
2755,  0.98
2756,  0.98
2757,  0.98
2758,  0.86
2759,  0.97
2760,  0.98
2761,  0.97
2762,  0.98
2763,  0.97
2764,  0.97
2765,  0.96
2766,  0.90
2767,  0.96
2768,  0.98
2769,  0.98
2770,  0.97
2771,  0.97
2772,  0.97
2773,  0.98
2774,  0.97
2775,  0.97
2776,  0.96
2777,  0.97
2778,  0.96
2779,  0.96
2780,  0.92
2781,  0.39
2782,  0.95
2783,  0.88
2784,  0.78
2785,  0.93
2786,  0.96
2787,  0.65
2788,  0.11
2789,  0.45
2790,  0.14
2791,  0.64
2792,  0.25
2793,  0.46
2794,  0.56
2795,  0.62
2796,  0.78
2797,  0.82
2798,  0.71
2799,  0.54
2800,  0.61
2801,  0.07
2802,  0.00
2803,  0.01
2804,  0.00
2805,  0.00
2806,  0.01
2807,  0.09
2808,  0.32
2809,  0.41
2810,  0.74
2811,  0.54
2812,  0.46
2813,  0.92
2814,  0.92
2815,  0.71
2816,  0.51
2817,  0.35
2818,  0.52
2819,  0.61
2820,  0.54
2821,  0.52
2822,  0.54
2823,  0.47
2824,  0.53
2825,  0.54
2826,  0.41
2827,  0.43
2828,  0.48
2829,  0.42
2830,  0.40
2831,  0.32
2832,  0.31
2833,  0.39
2834,  0.38
2835,  0.38
2836,  0.39
2837,  0.32
2838,  0.31
2839,  0.35
2840,  0.36
2841,  0.32
2842,  0.32
2843,  0.28
2844,  0.33
2845,  0.26
2846,  0.21
2847,  0.25
2848,  0.27
2849,  0.25
2850,  0.25
2851,  0.31
2852,  0.27
2853,  0.31
2854,  0.28
2855,  0.29
2856,  0.12
2857,  0.05
2858,  0.19
2859,  0.19
2860,  0.17
2861,  0.23
2862,  0.23
2863,  0.30
2864,  0.30
2865,  0.34
2866,  0.32
2867,  0.34
2868,  0.35
2869,  0.39
2870,  0.37
2871,  0.38
2872,  0.34
2873,  0.35
2874,  0.36
2875,  0.38
2876,  0.24
2877,  0.19
2878,  0.23
2879,  0.35
2880,  0.26
2881,  0.36
2882,  0.40
2883,  0.39
2884,  0.31
2885,  0.32
2886,  0.23
2887,  0.26
2888,  0.26
2889,  0.27
2890,  0.21
2891,  0.31
2892,  0.32
2893,  0.26
2894,  0.26
2895,  0.41
2896,  0.49
2897,  0.25
2898,  0.15
2899,  0.07
2900,  0.19
2901,  0.22
2902,  0.26
2903,  0.40
2904,  0.41
2905,  0.41
2906,  0.30
2907,  0.36
2908,  0.31
2909,  0.24
2910,  0.24
2911,  0.28
2912,  0.22
2913,  0.18
2914,  0.23
2915,  0.29
2916,  0.26
2917,  0.28
2918,  0.45
2919,  0.42
2920,  0.29
2921,  0.21
2922,  0.21
2923,  0.18
2924,  0.25
2925,  0.21
2926,  0.25
2927,  0.26
2928,  0.24
2929,  0.23
2930,  0.28
2931,  0.21
2932,  0.25
2933,  0.17
2934,  0.28
2935,  0.29
2936,  0.40
2937,  0.24
2938,  0.13
2939,  0.16
2940,  0.41
2941,  0.45
2942,  0.46
2943,  0.48
2944,  0.51
2945,  0.45
2946,  0.38
2947,  0.35
2948,  0.49
2949,  0.56
2950,  0.60
2951,  0.52
2952,  0.36
2953,  0.35
2954,  0.39
2955,  0.45
2956,  0.32
2957,  0.22
2958,  0.21
2959,  0.31
2960,  0.25
2961,  0.35
2962,  0.47
2963,  0.43
2964,  0.38
2965,  0.17
2966,  0.40
2967,  0.47
2968,  0.34
2969,  0.40
2970,  0.14
2971,  0.31
2972,  0.39
2973,  0.31
2974,  0.37
2975,  0.49
2976,  0.40
2977,  0.36
2978,  0.29
2979,  0.45
2980,  0.41
2981,  0.48
2982,  0.47
2983,  0.48
2984,  0.30
2985,  0.41
2986,  0.23
2987,  0.24
2988,  0.22
2989,  0.18
2990,  0.24
2991,  0.57
2992,  0.17
2993,  0.02
2994,  0.06
2995,  0.14
2996,  0.26
2997,  0.20
2998,  0.38
2999,  0.28
3000,  0.06
3001,  0.02
3002,  0.02
3003,  0.01
3004,  0.01
3005,  0.00
3006,  0.00
3007,  0.00
3008,  0.00
3009,  0.01
3010,  0.01
3011,  0.05
3012,  0.05
3013,  0.07
3014,  0.01
3015,  0.01
3016,  0.00
3017,  0.00
3018,  0.00
3019,  0.00
3020,  0.00
3021,  0.00
3022,  0.00
3023,  0.00
3024,  0.02
3025,  0.11
3026,  0.00
3027,  0.00
3028,  0.00
3029,  0.00
3030,  0.00
3031,  0.01
3032,  0.01
3033,  0.03
3034,  0.06
3035,  0.02
3036,  0.01
3037,  0.01
3038,  0.01
3039,  0.01
3040,  0.02
3041,  0.07
3042,  0.03
3043,  0.03
3044,  0.08
3045,  0.13
3046,  0.17
3047,  0.16
3048,  0.08
3049,  0.03
3050,  0.07
3051,  0.11
3052,  0.08
3053,  0.04
3054,  0.01
3055,  0.01
3056,  0.00
3057,  0.00
3058,  0.00
3059,  0.00
3060,  0.00
3061,  0.00
3062,  0.00
3063,  0.00
3064,  0.00
3065,  0.00
3066,  0.00
3067,  0.00
3068,  0.00
3069,  0.00
3070,  0.00
3071,  0.00
3072,  0.01
3073,  0.00
3074,  0.00
3075,  0.00
3076,  0.00
3077,  0.00
3078,  0.00
3079,  0.00
3080,  0.00
3081,  0.00
3082,  0.00
3083,  0.00
3084,  0.00
3085,  0.00
3086,  0.02
3087,  0.01
3088,  0.03
3089,  0.06
3090,  0.28
3091,  0.35
3092,  0.27
3093,  0.24
3094,  0.32
3095,  0.30
3096,  0.36
3097,  0.28
3098,  0.29
3099,  0.23
3100,  0.09
3101,  0.05
3102,  0.06
3103,  0.06
3104,  0.05
3105,  0.18
3106,  0.20
3107,  0.10
3108,  0.08
3109,  0.12
3110,  0.19
3111,  0.26
3112,  0.19
3113,  0.34
3114,  0.37
3115,  0.62
3116,  0.61
3117,  0.36
3118,  0.18
3119,  0.09
3120,  0.05
3121,  0.04
3122,  0.08
3123,  0.36
3124,  0.27
3125,  0.15
3126,  0.05
3127,  0.06
3128,  0.00
3129,  0.00
3130,  0.02
3131,  0.01
3132,  0.00
3133,  0.00
3134,  0.02
3135,  0.02
3136,  0.00
3137,  0.16
3138,  0.38
3139,  0.07
3140,  0.04
3141,  0.43
3142,  0.01
3143,  0.02
3144,  0.02
3145,  0.04
3146,  0.00
3147,  0.01
3148,  0.03
3149,  0.02
3150,  0.14
3151,  0.09
3152,  0.02
3153,  0.02
3154,  0.01
3155,  0.01
3156,  0.01
3157,  0.03
3158,  0.00
3159,  0.03
3160,  0.02
3161,  0.03
3162,  0.00
3163,  0.02
3164,  0.01
3165,  0.07
3166,  0.02
3167,  0.28
3168,  0.27
3169,  0.31
3170,  0.32
3171,  0.32
3172,  0.30
3173,  0.29
3174,  0.20
3175,  0.27
3176,  0.48
3177,  0.38
3178,  0.24
3179,  0.27
3180,  0.38
3181,  0.36
3182,  0.34
3183,  0.09
3184,  0.03
3185,  0.02
3186,  0.23
3187,  0.18
3188,  0.02
3189,  0.19
3190,  0.03
3191,  0.31
3192,  0.01
3193,  0.00
3194,  0.00
3195,  0.00
3196,  0.00
3197,  0.00
3198,  0.03
3199,  0.07
3200,  0.02
3201,  0.01
3202,  0.10
3203,  0.05
3204,  0.11
3205,  0.07
3206,  0.07
3207,  0.06
3208,  0.09
3209,  0.11
3210,  0.11
3211,  0.21
3212,  0.18
3213,  0.22
3214,  0.17
3215,  0.15
3216,  0.01
3217,  0.00
3218,  0.03
3219,  0.05
3220,  0.02
3221,  0.06
3222,  0.18
3223,  0.01
3224,  0.28
3225,  0.51
3226,  0.49
3227,  0.47
3228,  0.54
3229,  0.40
3230,  0.57
3231,  0.42
3232,  0.47
3233,  0.53
3234,  0.44
3235,  0.41
3236,  0.18
3237,  0.13
3238,  0.41
3239,  0.38
3240,  0.25
3241,  0.38
3242,  0.42
3243,  0.15
3244,  0.45
3245,  0.56
3246,  0.63
3247,  0.70
3248,  0.68
3249,  0.42
3250,  0.64
3251,  0.18
3252,  0.16
3253,  0.05
3254,  0.00
3255,  0.00
3256,  0.01
3257,  0.02
3258,  0.01
3259,  0.01
3260,  0.01
3261,  0.01
3262,  0.01
3263,  0.01
3264,  0.02
3265,  0.00
3266,  0.00
3267,  0.00
3268,  0.00
3269,  0.00
3270,  0.00
3271,  0.00
3272,  0.00
3273,  0.00
3274,  0.00
3275,  0.00
3276,  0.00
3277,  0.00
3278,  0.00
3279,  0.00
3280,  0.02
3281,  0.00
3282,  0.00
3283,  0.00
3284,  0.00
3285,  0.00
3286,  0.02
3287,  0.05
3288,  0.03
3289,  0.00
3290,  0.00
3291,  0.00
3292,  0.00
3293,  0.00
3294,  0.00
3295,  0.45
3296,  0.67
3297,  0.35
3298,  0.49
3299,  0.19
3300,  0.01
3301,  0.03
3302,  0.00
3303,  0.03
3304,  0.06
3305,  0.49
3306,  0.66
3307,  0.56
3308,  0.69
3309,  0.61
3310,  0.68
3311,  0.69
3312,  0.61
3313,  0.55
3314,  0.49
3315,  0.49
3316,  0.62
3317,  0.55
3318,  0.68
3319,  0.59
3320,  0.36
3321,  0.37
3322,  0.29
3323,  0.14
3324,  0.44
3325,  0.45
3326,  0.39
3327,  0.36
3328,  0.01
3329,  0.02
3330,  0.29
3331,  0.36
3332,  0.28
3333,  0.36
3334,  0.44
3335,  0.38
3336,  0.36
3337,  0.24
3338,  0.51
3339,  0.47
3340,  0.53
3341,  0.40
3342,  0.42
3343,  0.16
3344,  0.37
3345,  0.17
3346,  0.27
3347,  0.19
3348,  0.40
3349,  0.42
3350,  0.54
3351,  0.57
3352,  0.47
3353,  0.20
3354,  0.32
3355,  0.33
3356,  0.34
3357,  0.31
3358,  0.15
3359,  0.25
3360,  0.22
3361,  0.28
3362,  0.22
3363,  0.25
3364,  0.31
3365,  0.27
3366,  0.27
3367,  0.25
3368,  0.14
3369,  0.11
3370,  0.17
3371,  0.19
3372,  0.13
3373,  0.19
3374,  0.16
3375,  0.16
3376,  0.10
3377,  0.23
3378,  0.30
3379,  0.11
3380,  0.03
3381,  0.00
3382,  0.00
3383,  0.13
3384,  0.19
3385,  0.07
3386,  0.16
3387,  0.16
3388,  0.18
3389,  0.17
3390,  0.26
3391,  0.30
3392,  0.26
3393,  0.09
3394,  0.07
3395,  0.32
3396,  0.53
3397,  0.56
3398,  0.32
3399,  0.38
3400,  0.15
3401,  0.30
3402,  0.28
3403,  0.54
3404,  0.17
3405,  0.21
3406,  0.49
3407,  0.52
3408,  0.54
3409,  0.94
3410,  0.84
3411,  0.77
3412,  0.54
3413,  0.51
3414,  0.83
3415,  0.85
3416,  0.76
3417,  0.45
3418,  0.54
3419,  0.54
3420,  0.34
3421,  0.30
3422,  0.22
3423,  0.36
3424,  0.27
3425,  0.27
3426,  0.18
3427,  0.16
3428,  0.28
3429,  0.15
3430,  0.22
3431,  0.22
3432,  0.18
3433,  0.21
3434,  0.22
3435,  0.49
3436,  0.66
3437,  0.71
3438,  0.40
3439,  0.25
3440,  0.27
3441,  0.23
3442,  0.32
3443,  0.20
3444,  0.20
3445,  0.09
3446,  0.20
3447,  0.02
3448,  0.07
3449,  0.02
3450,  0.20
3451,  0.03
3452,  0.04
3453,  0.07
3454,  0.17
3455,  0.26
3456,  0.35
3457,  0.28
3458,  0.26
3459,  0.29
3460,  0.32
3461,  0.29
3462,  0.25
3463,  0.32
3464,  0.31
3465,  0.22
3466,  0.13
3467,  0.07
3468,  0.10
3469,  0.09
3470,  0.25
3471,  0.40
3472,  0.58
3473,  0.68
3474,  0.79
3475,  0.82
3476,  0.82
3477,  0.80
3478,  0.82
3479,  0.80
3480,  0.80
3481,  0.76
3482,  0.42
3483,  0.25
3484,  0.25
3485,  0.25
3486,  0.31
3487,  0.60
3488,  0.48
3489,  0.50
3490,  0.31
3491,  0.49
3492,  0.63
3493,  0.54
3494,  0.54
3495,  0.47
3496,  0.35
3497,  0.41
3498,  0.26
3499,  0.22
3500,  0.23
3501,  0.21
3502,  0.28
3503,  0.29
3504,  0.29
3505,  0.21
3506,  0.14
3507,  0.13
3508,  0.17
3509,  0.21
3510,  0.25
3511,  0.16
3512,  0.16
3513,  0.16
3514,  0.27
3515,  0.45
3516,  0.49
3517,  0.72
3518,  0.36
3519,  0.72
3520,  0.27
3521,  0.00
3522,  0.00
3523,  0.00
3524,  0.28
3525,  0.58
3526,  0.81
3527,  0.77
3528,  0.41
3529,  0.04
3530,  0.20
3531,  0.29
3532,  0.35
3533,  0.36
3534,  0.11
3535,  0.10
3536,  0.12
3537,  0.09
3538,  0.01
3539,  0.00
3540,  0.01
3541,  0.10
3542,  0.00
3543,  0.06
3544,  0.00
3545,  0.00
3546,  0.01
3547,  0.00
3548,  0.00
3549,  0.00
3550,  0.01
3551,  0.00
3552,  0.00
3553,  0.00
3554,  0.00
3555,  0.00
3556,  0.00
3557,  0.00
3558,  0.00
3559,  0.00
3560,  0.00
3561,  0.00
3562,  0.00
3563,  0.00
3564,  0.00
3565,  0.01
3566,  0.02
3567,  0.01
3568,  0.00
3569,  0.01
3570,  0.07
3571,  0.49
3572,  0.76
3573,  0.78
3574,  0.70
3575,  0.24
3576,  0.19
3577,  0.54
3578,  0.02
3579,  0.01
3580,  0.00
3581,  0.00
3582,  0.00
3583,  0.00
3584,  0.01
3585,  0.06
3586,  0.02
3587,  0.02
3588,  0.01
3589,  0.06
3590,  0.20
3591,  0.08
3592,  0.16
3593,  0.45
3594,  0.80
3595,  0.85
3596,  0.82
3597,  0.87
3598,  0.89
3599,  0.94
3600,  0.69
3601,  0.38
3602,  0.78
3603,  0.25
3604,  0.43
3605,  0.34
3606,  0.13
3607,  0.00
3608,  0.00
3609,  0.00
3610,  0.00
3611,  0.00
3612,  0.00
3613,  0.00
3614,  0.01
3615,  0.01
3616,  0.03
3617,  0.59
3618,  0.68
3619,  0.68
3620,  0.82
3621,  0.72
3622,  0.66
3623,  0.49
3624,  0.27
3625,  0.56
3626,  0.57
3627,  0.47
3628,  0.41
3629,  0.31
3630,  0.25
3631,  0.13
3632,  0.18
3633,  0.16
3634,  0.18
3635,  0.33
3636,  0.44
3637,  0.41
3638,  0.26
3639,  0.36
3640,  0.39
3641,  0.59
3642,  0.55
3643,  0.45
3644,  0.56
3645,  0.25
3646,  0.18
3647,  0.26
3648,  0.25
3649,  0.27
3650,  0.14
3651,  0.21
3652,  0.19
3653,  0.50
3654,  0.49
3655,  0.42
3656,  0.40
3657,  0.57
3658,  0.51
3659,  0.25
3660,  0.40
3661,  0.65
3662,  0.66
3663,  0.68
3664,  0.74
3665,  0.74
3666,  0.60
3667,  0.54
3668,  0.30
3669,  0.21
3670,  0.23
3671,  0.22
3672,  0.32
3673,  0.44
3674,  0.41
3675,  0.44
3676,  0.51
3677,  0.60
3678,  0.56
3679,  0.53
3680,  0.58
3681,  0.60
3682,  0.58
3683,  0.54
3684,  0.55
3685,  0.50
3686,  0.63
3687,  0.43
3688,  0.09
3689,  0.06
3690,  0.25
3691,  0.38
3692,  0.47
3693,  0.66
3694,  0.59
3695,  0.61
3696,  0.65
3697,  0.52
3698,  0.44
3699,  0.57
3700,  0.52
3701,  0.56
3702,  0.59
3703,  0.58
3704,  0.55
3705,  0.58
3706,  0.56
3707,  0.58
3708,  0.60
3709,  0.61
3710,  0.40
3711,  0.31
3712,  0.32
3713,  0.43
3714,  0.23
3715,  0.46
3716,  0.44
3717,  0.50
3718,  0.56
3719,  0.60
3720,  0.59
3721,  0.60
3722,  0.63
3723,  0.61
3724,  0.59
3725,  0.60
3726,  0.59
3727,  0.62
3728,  0.60
3729,  0.58
3730,  0.62
3731,  0.63
3732,  0.63
3733,  0.60
3734,  0.58
3735,  0.52
3736,  0.42
3737,  0.45
3738,  0.43
3739,  0.40
3740,  0.32
3741,  0.35
3742,  0.39
3743,  0.37
3744,  0.47
3745,  0.41
3746,  0.60
3747,  0.67
3748,  0.59
3749,  0.61
3750,  0.59
3751,  0.58
3752,  0.56
3753,  0.50
3754,  0.68
3755,  0.40
3756,  0.54
3757,  0.45
3758,  0.43
3759,  0.53
3760,  0.63
3761,  0.38
3762,  0.62
3763,  0.18
3764,  0.54
3765,  0.62
3766,  0.66
3767,  0.31
3768,  0.28
3769,  0.49
3770,  0.57
3771,  0.49
3772,  0.53
3773,  0.65
3774,  0.65
3775,  0.60
3776,  0.55
3777,  0.67
3778,  0.68
3779,  0.53
3780,  0.41
3781,  0.30
3782,  0.42
3783,  0.62
3784,  0.66
3785,  0.56
3786,  0.60
3787,  0.63
3788,  0.58
3789,  0.46
3790,  0.64
3791,  0.59
3792,  0.52
3793,  0.43
3794,  0.61
3795,  0.63
3796,  0.61
3797,  0.64
3798,  0.47
3799,  0.60
3800,  0.61
3801,  0.50
3802,  0.61
3803,  0.67
3804,  0.67
3805,  0.67
3806,  0.66
3807,  0.69
3808,  0.67
3809,  0.71
3810,  0.68
3811,  0.52
3812,  0.55
3813,  0.44
3814,  0.08
3815,  0.67
3816,  0.66
3817,  0.75
3818,  0.69
3819,  0.66
3820,  0.52
3821,  0.29
3822,  0.59
3823,  0.32
3824,  0.57
3825,  0.52
3826,  0.49
3827,  0.71
3828,  0.62
3829,  0.56
3830,  0.56
3831,  0.57
3832,  0.61
3833,  0.56
3834,  0.52
3835,  0.62
3836,  0.68
3837,  0.69
3838,  0.67
3839,  0.70
3840,  0.63
3841,  0.69
3842,  0.70
3843,  0.67
3844,  0.69
3845,  0.48
3846,  0.72
3847,  0.72
3848,  0.69
3849,  0.74
3850,  0.72
3851,  0.76
3852,  0.75
3853,  0.64
3854,  0.53
3855,  0.59
3856,  0.24
3857,  0.46
3858,  0.58
3859,  0.56
3860,  0.60
3861,  0.69
3862,  0.71
3863,  0.41
3864,  0.51
3865,  0.42
3866,  0.43
3867,  0.54
3868,  0.61
3869,  0.65
3870,  0.62
3871,  0.51
3872,  0.49
3873,  0.49
3874,  0.55
3875,  0.58
3876,  0.52
3877,  0.36
3878,  0.26
3879,  0.26
3880,  0.33
3881,  0.14
3882,  0.16
3883,  0.29
3884,  0.36
3885,  0.74
3886,  0.61
3887,  0.36
3888,  0.33
3889,  0.47
3890,  0.34
3891,  0.10
3892,  0.15
3893,  0.32
3894,  0.72
3895,  0.86
3896,  0.79
3897,  0.49
3898,  0.01
3899,  0.02
3900,  0.01
3901,  0.01
3902,  0.02
3903,  0.01
3904,  0.03
3905,  0.13
3906,  0.12
3907,  0.03
3908,  0.03
3909,  0.03
3910,  0.12
3911,  0.15
3912,  0.10
3913,  0.09
3914,  0.05
3915,  0.04
3916,  0.08
3917,  0.22
3918,  0.44
3919,  0.26
3920,  0.43
3921,  0.57
3922,  0.56
3923,  0.53
3924,  0.49
3925,  0.73
3926,  0.43
3927,  0.27
3928,  0.67
3929,  0.71
3930,  0.89
3931,  0.80
3932,  0.75
3933,  0.71
3934,  0.72
3935,  0.80
3936,  0.73
3937,  0.71
3938,  0.75
3939,  0.75
3940,  0.73
3941,  0.74
3942,  0.78
3943,  0.73
3944,  0.66
3945,  0.80
3946,  0.78
3947,  0.73
3948,  0.77
3949,  0.75
3950,  0.76
3951,  0.74
3952,  0.76
3953,  0.72
3954,  0.48
3955,  0.71
3956,  0.77
3957,  0.78
3958,  0.77
3959,  0.78
3960,  0.73
3961,  0.74
3962,  0.75
3963,  0.75
3964,  0.74
3965,  0.74
3966,  0.69
3967,  0.76
3968,  0.75
3969,  0.71
3970,  0.73
3971,  0.53
3972,  0.66
3973,  0.66
3974,  0.18
3975,  0.52
3976,  0.73
3977,  0.93
3978,  0.95
3979,  0.92
3980,  0.90
3981,  0.88
3982,  0.85
3983,  0.72
3984,  0.81
3985,  0.78
3986,  0.75
3987,  0.68
3988,  0.74
3989,  0.76
3990,  0.71
3991,  0.74
3992,  0.75
3993,  0.77
3994,  0.76
3995,  0.65
3996,  0.69
3997,  0.72
3998,  0.73
3999,  0.75
4000,  0.74
4001,  0.79
4002,  0.79
4003,  0.75
4004,  0.73
4005,  0.76
4006,  0.78
4007,  0.76
4008,  0.73
4009,  0.78
4010,  0.85
4011,  0.84
4012,  0.81
4013,  0.82
4014,  0.81
4015,  0.81
4016,  0.79
4017,  0.81
4018,  0.79
4019,  0.79
4020,  0.78
4021,  0.72
4022,  0.51
4023,  0.04
4024,  0.00
4025,  0.02
4026,  0.29
4027,  0.08
4028,  0.15
4029,  0.15
4030,  0.46
4031,  0.13
4032,  0.13
4033,  0.54
4034,  0.55
4035,  0.32
4036,  0.55
4037,  0.74
4038,  0.81
4039,  0.78
4040,  0.80
4041,  0.80
4042,  0.81
4043,  0.79
4044,  0.80
4045,  0.83
4046,  0.80
4047,  0.78
4048,  0.82
4049,  0.84
4050,  0.79
4051,  0.80
4052,  0.85
4053,  0.83
4054,  0.83
4055,  0.82
4056,  0.81
4057,  0.83
4058,  0.81
4059,  0.82
4060,  0.86
4061,  0.84
4062,  0.82
4063,  0.83
4064,  0.85
4065,  0.81
4066,  0.83
4067,  0.82
4068,  0.83
4069,  0.83
4070,  0.86
4071,  0.87
4072,  0.85
4073,  0.86
4074,  0.81
4075,  0.88
4076,  0.85
4077,  0.85
4078,  0.83
4079,  0.82
4080,  0.86
4081,  0.83
4082,  0.82
4083,  0.84
4084,  0.63
4085,  0.42
4086,  0.45
4087,  0.35
4088,  0.18
4089,  0.80
4090,  0.83
4091,  0.83
4092,  0.84
4093,  0.83
4094,  0.85
4095,  0.85
4096,  0.85
4097,  0.83
4098,  0.87
4099,  0.86
4100,  0.86
4101,  0.84
4102,  0.87
4103,  0.84
4104,  0.85
4105,  0.86
4106,  0.85
4107,  0.86
4108,  0.87
4109,  0.88
4110,  0.83
4111,  0.74
4112,  0.87
4113,  0.85
4114,  0.87
4115,  0.87
4116,  0.86
4117,  0.86
4118,  0.87
4119,  0.88
4120,  0.87
4121,  0.87
4122,  0.85
4123,  0.77
4124,  0.81
4125,  0.82
4126,  0.86
4127,  0.85
4128,  0.87
4129,  0.85
4130,  0.84
4131,  0.85
4132,  0.85
4133,  0.13
4134,  0.28
4135,  0.38
4136,  0.22
4137,  0.46
4138,  0.67
4139,  0.72
4140,  0.76
4141,  0.77
4142,  0.77
4143,  0.79
4144,  0.80
4145,  0.83
4146,  0.82
4147,  0.82
4148,  0.83
4149,  0.85
4150,  0.83
4151,  0.82
4152,  0.82
4153,  0.83
4154,  0.83
4155,  0.86
4156,  0.83
4157,  0.90
4158,  0.85
4159,  0.81
4160,  0.84
4161,  0.82
4162,  0.84
4163,  0.86
4164,  0.84
4165,  0.83
4166,  0.87
4167,  0.85
4168,  0.82
4169,  0.58
4170,  0.12
4171,  0.06
4172,  0.01
4173,  0.69
4174,  0.83
4175,  0.68
4176,  0.81
4177,  0.86
4178,  0.88
4179,  0.86
4180,  0.80
4181,  0.81
4182,  0.84
4183,  0.37
4184,  0.33
4185,  0.81
4186,  0.85
4187,  0.90
4188,  0.88
4189,  0.88
4190,  0.86
4191,  0.87
4192,  0.88
4193,  0.87
4194,  0.88
4195,  0.89
4196,  0.89
4197,  0.89
4198,  0.81
4199,  0.70
4200,  0.81
4201,  0.84
4202,  0.90
4203,  0.89
4204,  0.88
4205,  0.79
4206,  0.80
4207,  0.92
4208,  0.90
4209,  0.91
4210,  0.91
4211,  0.90
4212,  0.88
4213,  0.54
4214,  0.48
4215,  0.59
4216,  0.76
4217,  0.83
4218,  0.88
4219,  0.89
4220,  0.94
4221,  0.93
4222,  0.90
4223,  0.90
4224,  0.90
4225,  0.87
4226,  0.85
4227,  0.88
4228,  0.82
4229,  0.85
4230,  0.87
4231,  0.87
4232,  0.87
4233,  0.87
4234,  0.89
4235,  0.88
4236,  0.81
4237,  0.88
4238,  0.88
4239,  0.89
4240,  0.88
4241,  0.90
4242,  0.88
4243,  0.81
4244,  0.89
4245,  0.87
4246,  0.88
4247,  0.88
4248,  0.88
4249,  0.87
4250,  0.87
4251,  0.85
4252,  0.92
4253,  0.91
4254,  0.90
4255,  0.90
4256,  0.89
4257,  0.89
4258,  0.89
4259,  0.88
4260,  0.91
4261,  0.91
4262,  0.88
4263,  0.84
4264,  0.00
4265,  0.00
4266,  0.00
4267,  0.00
4268,  0.73
4269,  0.85
4270,  0.64
4271,  0.53
4272,  0.58
4273,  0.68
4274,  0.81
4275,  0.82
4276,  0.84
4277,  0.77
4278,  0.77
4279,  0.80
4280,  0.80
4281,  0.85
4282,  0.89
4283,  0.89
4284,  0.86
4285,  0.88
4286,  0.89
4287,  0.89
4288,  0.88
4289,  0.88
4290,  0.82
4291,  0.75
4292,  0.81
4293,  0.87
4294,  0.89
4295,  0.92
4296,  0.92
4297,  0.91
4298,  0.90
4299,  0.91
4300,  0.91
4301,  0.90
4302,  0.90
4303,  0.91
4304,  0.89
4305,  0.90
4306,  0.85
4307,  0.88
4308,  0.88
4309,  0.90
4310,  0.89
4311,  0.89
4312,  0.90
4313,  0.90
4314,  0.89
4315,  0.90
4316,  0.90
4317,  0.63
4318,  0.77
4319,  0.86
4320,  0.91
4321,  0.92
4322,  0.91
4323,  0.92
4324,  0.91
4325,  0.91
4326,  0.94
4327,  0.80
4328,  0.85
4329,  0.90
4330,  0.90
4331,  0.90
4332,  0.90
4333,  0.90
4334,  0.88
4335,  0.86
4336,  0.88
4337,  0.90
4338,  0.88
4339,  0.90
4340,  0.90
4341,  0.88
4342,  0.90
4343,  0.90
4344,  0.90
4345,  0.91
4346,  0.89
4347,  0.86
4348,  0.88
4349,  0.90
4350,  0.90
4351,  0.90
4352,  0.90
4353,  0.90
4354,  0.87
4355,  0.91
4356,  0.91
4357,  0.90
4358,  0.90
4359,  0.91
4360,  0.90
4361,  0.90
4362,  0.90
4363,  0.87
4364,  0.93
4365,  0.90
4366,  0.88
4367,  0.30
4368,  0.05
4369,  0.00
4370,  0.01
4371,  0.00
4372,  0.00
4373,  0.00
4374,  0.01
4375,  0.03
4376,  0.22
4377,  0.25
4378,  0.21
4379,  0.01
4380,  0.00
4381,  0.06
4382,  0.00
4383,  0.00
4384,  0.01
4385,  0.01
4386,  0.04
4387,  0.23
4388,  0.36
4389,  0.53
4390,  0.31
4391,  0.27
4392,  0.07
4393,  0.24
4394,  0.57
4395,  0.46
4396,  0.52
4397,  0.75
4398,  0.24
4399,  0.52
4400,  0.05
4401,  0.03
4402,  0.00
4403,  0.00
4404,  0.01
4405,  0.11
4406,  0.27
4407,  0.02
4408,  0.01
4409,  0.01
4410,  0.00
4411,  0.00
4412,  0.00
4413,  0.00
4414,  0.00
4415,  0.25
4416,  0.31
4417,  0.45
4418,  0.44
4419,  0.20
4420,  0.02
4421,  0.03
4422,  0.03
4423,  0.04
4424,  0.07
4425,  0.23
4426,  0.45
4427,  0.71
4428,  0.76
4429,  0.81
4430,  0.73
4431,  0.64
4432,  0.78
4433,  0.92
4434,  0.56
4435,  0.00
4436,  0.35
4437,  0.72
4438,  0.54
4439,  0.77
4440,  0.90
4441,  0.96
4442,  0.95
4443,  0.94
4444,  0.94
4445,  0.89
4446,  0.94
4447,  0.92
4448,  0.91
4449,  0.90
4450,  0.92
4451,  0.90
4452,  0.91
4453,  0.91
4454,  0.91
4455,  0.90
4456,  0.90
4457,  0.84
4458,  0.64
4459,  0.10
4460,  0.01
4461,  0.01
4462,  0.21
4463,  0.01
4464,  0.08
4465,  0.06
4466,  0.00
4467,  0.00
4468,  0.00
4469,  0.00
4470,  0.01
4471,  0.00
4472,  0.00
4473,  0.01
4474,  0.17
4475,  0.10
4476,  0.05
4477,  0.24
4478,  0.70
4479,  0.82
4480,  0.63
4481,  0.39
4482,  0.00
4483,  0.00
4484,  0.00
4485,  0.00
4486,  0.00
4487,  0.03
4488,  0.45
4489,  0.55
4490,  0.68
4491,  0.92
4492,  0.96
4493,  0.89
4494,  0.88
4495,  0.53
4496,  0.40
4497,  0.19
4498,  0.41
4499,  0.64
4500,  0.84
4501,  0.45
4502,  0.02
4503,  0.00
4504,  0.21
4505,  0.23
4506,  0.40
4507,  0.69
4508,  0.45
4509,  0.31
4510,  0.24
4511,  0.38
4512,  0.22
4513,  0.00
4514,  0.00
4515,  0.20
4516,  0.19
4517,  0.37
4518,  0.13
4519,  0.12
4520,  0.33
4521,  0.32
4522,  0.44
4523,  0.61
4524,  0.70
4525,  0.70
4526,  0.57
4527,  0.62
4528,  0.65
4529,  0.68
4530,  0.65
4531,  0.34
4532,  0.34
4533,  0.37
4534,  0.28
4535,  0.28
4536,  0.65
4537,  0.76
4538,  0.76
4539,  0.73
4540,  0.58
4541,  0.19
4542,  0.55
4543,  0.66
4544,  0.66
4545,  0.62
4546,  0.71
4547,  0.75
4548,  0.81
4549,  0.81
4550,  0.80
4551,  0.78
4552,  0.59
4553,  0.65
4554,  0.66
4555,  0.70
4556,  0.86
4557,  0.91
4558,  0.90
4559,  0.92
4560,  0.92
4561,  0.88
4562,  0.89
4563,  0.92
4564,  0.91
4565,  0.91
4566,  0.38
4567,  0.03
4568,  0.02
4569,  0.00
4570,  0.00
4571,  0.00
4572,  0.22
4573,  0.65
4574,  0.40
4575,  0.01
4576,  0.01
4577,  0.43
4578,  0.78
4579,  0.83
4580,  0.88
4581,  0.82
4582,  0.77
4583,  0.72
4584,  0.72
4585,  0.79
4586,  0.61
4587,  0.67
4588,  0.40
4589,  0.56
4590,  0.81
4591,  0.60
4592,  0.60
4593,  0.78
4594,  0.34
4595,  0.10
4596,  0.32
4597,  0.30
4598,  0.20
4599,  0.12
4600,  0.11
4601,  0.15
4602,  0.46
4603,  0.24
4604,  0.28
4605,  0.52
4606,  0.60
4607,  0.54
4608,  0.59
4609,  0.46
4610,  0.35
4611,  0.39
4612,  0.46
4613,  0.63
4614,  0.63
4615,  0.57
4616,  0.80
4617,  0.85
4618,  0.87
4619,  0.92
4620,  0.97
4621,  0.96
4622,  0.95
4623,  0.93
4624,  0.94
4625,  0.95
4626,  0.89
4627,  0.95
4628,  0.95
4629,  0.88
4630,  0.92
4631,  0.66
4632,  0.33
4633,  0.19
4634,  0.00
4635,  0.00
4636,  0.03
4637,  0.08
4638,  0.78
4639,  0.91
4640,  0.93
4641,  0.94
4642,  0.95
4643,  0.94
4644,  0.94
4645,  0.94
4646,  0.96
4647,  0.96
4648,  0.94
4649,  0.95
4650,  0.96
4651,  0.98
4652,  0.71
4653,  0.98
4654,  0.98
4655,  0.99
4656,  0.98
4657,  0.97
4658,  0.97
4659,  0.97
4660,  0.97
4661,  0.95
4662,  0.94
4663,  0.95
4664,  0.96
4665,  0.94
4666,  0.96
4667,  0.94
4668,  0.90
4669,  0.96
4670,  0.96
4671,  0.95
4672,  0.93
4673,  0.95
4674,  0.95
4675,  0.95
4676,  0.91
4677,  0.94
4678,  0.94
4679,  0.92
4680,  0.92
4681,  0.91
4682,  0.93
4683,  0.95
4684,  0.95
4685,  0.84
4686,  0.05
4687,  0.09
4688,  0.47
4689,  0.60
4690,  0.87
4691,  0.32
4692,  0.31
4693,  0.57
4694,  0.87
4695,  0.77
4696,  0.68
4697,  0.67
4698,  0.72
4699,  0.77
4700,  0.87
4701,  0.90
4702,  0.94
4703,  0.94
4704,  0.91
4705,  0.91
4706,  0.91
4707,  0.92
4708,  0.93
4709,  0.95
4710,  0.95
4711,  0.96
4712,  0.96
4713,  0.96
4714,  0.94
4715,  0.95
4716,  0.94
4717,  0.95
4718,  0.93
4719,  0.96
4720,  0.94
4721,  0.95
4722,  0.96
4723,  0.96
4724,  0.96
4725,  0.86
4726,  0.21
4727,  0.16
4728,  0.33
4729,  0.56
4730,  0.66
4731,  0.80
4732,  0.84
4733,  0.83
4734,  0.76
4735,  0.47
4736,  0.77
4737,  0.88
4738,  0.93
4739,  0.96
4740,  0.92
4741,  0.97
4742,  0.97
4743,  0.96
4744,  0.95
4745,  0.97
4746,  0.98
4747,  0.96
4748,  0.96
4749,  0.95
4750,  0.96
4751,  0.96
4752,  0.95
4753,  0.96
4754,  0.49
4755,  0.41
4756,  0.36
4757,  0.40
4758,  0.06
4759,  0.46
4760,  0.40
4761,  0.72
4762,  0.92
4763,  0.97
4764,  0.98
4765,  0.98
4766,  0.97
4767,  0.98
4768,  0.98
4769,  0.98
4770,  0.98
4771,  0.97
4772,  0.98
4773,  0.96
4774,  0.97
4775,  0.96
4776,  0.97
4777,  0.96
4778,  0.97
4779,  0.96
4780,  0.97
4781,  0.94
4782,  0.94
4783,  0.95
4784,  0.96
4785,  0.96
4786,  0.96
4787,  0.95
4788,  0.83
4789,  0.09
4790,  0.14
4791,  0.15
4792,  0.09
4793,  0.34
4794,  0.48
4795,  0.58
4796,  0.47
4797,  0.50
4798,  0.65
4799,  0.58
4800,  0.33
4801,  0.46
4802,  0.55
4803,  0.42
4804,  0.08
4805,  0.08
4806,  0.21
4807,  0.33
4808,  0.77
4809,  0.87
4810,  0.88
4811,  0.90
4812,  0.97
4813,  0.98
4814,  0.99
4815,  0.98
4816,  0.97
4817,  0.97
4818,  0.97
4819,  0.96
4820,  0.96
4821,  0.96
4822,  0.95
4823,  0.93
4824,  0.94
4825,  0.95
4826,  0.94
4827,  0.96
4828,  0.95
4829,  0.96
4830,  0.89
4831,  0.86
4832,  0.84
4833,  0.92
4834,  0.99
4835,  1.00
4836,  0.99
4837,  0.98
4838,  0.97
4839,  0.97
4840,  0.96
4841,  0.95
4842,  0.96
4843,  0.95
4844,  0.95
4845,  0.96
4846,  0.94
4847,  0.96
4848,  0.96
4849,  0.96
4850,  0.96
4851,  0.96
4852,  0.96
4853,  0.95
4854,  0.87
4855,  0.47
4856,  0.96
4857,  0.98
4858,  0.98
4859,  0.97
4860,  0.96
4861,  0.95
4862,  0.96
4863,  0.95
4864,  0.95
4865,  0.29
4866,  0.01
4867,  0.08
4868,  0.07
4869,  0.07
4870,  0.10
4871,  0.16
4872,  0.18
4873,  0.61
4874,  0.75
4875,  0.22
4876,  0.58
4877,  0.62
4878,  0.31
4879,  0.25
4880,  0.13
4881,  0.33
4882,  0.41
4883,  0.45
4884,  0.48
4885,  0.31
4886,  0.18
4887,  0.50
4888,  0.73
4889,  0.95
4890,  0.82
4891,  0.95
4892,  0.96
4893,  0.97
4894,  0.97
4895,  0.99
4896,  0.99
4897,  0.99
4898,  0.99
4899,  0.98
4900,  0.98
4901,  0.99
4902,  0.99
4903,  0.98
4904,  0.97
4905,  0.96
4906,  0.97
4907,  0.97
4908,  0.95
4909,  0.96
4910,  0.96
4911,  0.88
4912,  0.97
4913,  0.98
4914,  0.98
4915,  0.97
4916,  0.97
4917,  0.97
4918,  0.97
4919,  0.97
4920,  0.96
4921,  0.96
4922,  0.96
4923,  0.92
4924,  0.96
4925,  0.95
4926,  0.95
4927,  0.95
4928,  0.95
4929,  0.95
4930,  0.96
4931,  0.96
4932,  0.96
4933,  0.95
4934,  0.96
4935,  0.93
4936,  0.96
4937,  0.96
4938,  0.96
4939,  0.96
4940,  0.96
4941,  0.96
4942,  0.96
4943,  0.97
4944,  0.96
4945,  0.97
4946,  0.35
4947,  0.00
4948,  0.05
4949,  0.18
4950,  0.59
4951,  0.50
4952,  0.32
4953,  0.17
4954,  0.17
4955,  0.11
4956,  0.25
4957,  0.39
4958,  0.23
4959,  0.28
4960,  0.14
4961,  0.00
4962,  0.00
4963,  0.00
4964,  0.00
4965,  0.04
4966,  0.02
4967,  0.18
4968,  0.07
4969,  0.06
4970,  0.00
4971,  0.01
4972,  0.00
4973,  0.01
4974,  0.00
4975,  0.00
4976,  0.01
4977,  0.04
4978,  0.29
4979,  0.14
4980,  0.43
4981,  0.43
4982,  0.12
4983,  0.45
4984,  0.81
4985,  0.38
4986,  0.59
4987,  0.51
4988,  0.42
4989,  0.88
4990,  0.85
4991,  0.71
4992,  0.21
4993,  0.56
4994,  0.70
4995,  0.80
4996,  0.83
4997,  0.98
4998,  0.98
4999,  0.97
5000,  0.97
5001,  0.99
5002,  0.99
5003,  0.94
5004,  0.93
5005,  0.97
5006,  0.96
5007,  0.97
5008,  0.98
5009,  0.98
5010,  0.95
5011,  0.93
5012,  0.95
5013,  0.96
5014,  0.95
5015,  0.93
5016,  0.94
5017,  0.94
5018,  0.94
5019,  0.91
5020,  0.95
5021,  0.96
5022,  0.93
5023,  0.95
5024,  0.94
5025,  0.96
5026,  0.98
5027,  0.96
5028,  0.97
5029,  0.96
5030,  0.96
5031,  0.96
5032,  0.97
5033,  0.96
5034,  0.97
5035,  0.97
5036,  0.97
5037,  0.97
5038,  0.98
5039,  0.97
5040,  0.98
5041,  0.97
5042,  0.96
5043,  0.97
5044,  0.97
5045,  0.97
5046,  0.97
5047,  0.97
5048,  0.97
5049,  0.97
5050,  0.95
5051,  0.97
5052,  0.98
5053,  0.97
5054,  0.97
5055,  0.98
5056,  0.98
5057,  0.94
5058,  0.97
5059,  0.97
5060,  0.98
5061,  0.98
5062,  0.98
5063,  0.97
5064,  0.97
5065,  0.96
5066,  0.97
5067,  0.96
5068,  0.97
5069,  0.58
5070,  0.40
5071,  0.35
5072,  0.04
5073,  0.21
5074,  0.06
5075,  0.01
5076,  0.06
5077,  0.08
5078,  0.19
5079,  0.11
5080,  0.01
5081,  0.01
5082,  0.01
5083,  0.01
5084,  0.51
5085,  0.76
5086,  0.78
5087,  0.52
5088,  0.84
5089,  0.92
5090,  0.64
5091,  0.18
5092,  0.67
5093,  0.84
5094,  0.58
5095,  0.15
5096,  0.11
5097,  0.62
5098,  0.74
5099,  0.57
5100,  0.84
5101,  0.77
5102,  0.68
5103,  0.71
5104,  0.53
5105,  0.45
5106,  0.69
5107,  0.60
5108,  0.19
5109,  0.28
5110,  0.25
5111,  0.68
5112,  0.65
5113,  0.42
5114,  0.25
5115,  0.44
5116,  0.31
5117,  0.53
5118,  0.73
5119,  0.61
5120,  0.80
5121,  0.71
5122,  0.88
5123,  0.81
5124,  0.73
5125,  0.96
5126,  0.75
5127,  0.72
5128,  0.57
5129,  0.61
5130,  0.63
5131,  0.76
5132,  0.87
5133,  0.97
5134,  0.99
5135,  0.98
5136,  0.98
5137,  0.98
5138,  0.96
5139,  0.56
5140,  0.60
5141,  0.77
5142,  0.79
5143,  0.96
5144,  0.96
5145,  0.94
5146,  0.99
5147,  0.95
5148,  0.98
5149,  1.00
5150,  1.00
5151,  1.00
5152,  1.00
5153,  0.99
5154,  0.99
5155,  0.88
5156,  0.77
5157,  0.82
5158,  0.95
5159,  0.99
5160,  0.99
5161,  0.99
5162,  1.00
5163,  0.99
5164,  1.00
5165,  1.00
5166,  0.99
5167,  1.00
5168,  0.99
5169,  1.00
5170,  1.00
5171,  0.99
5172,  1.00
5173,  0.99
5174,  0.99
5175,  0.98
5176,  0.98
5177,  0.98
5178,  0.97
5179,  0.96
5180,  0.97
5181,  0.97
5182,  0.97
5183,  0.97
5184,  0.97
5185,  0.97
5186,  0.94
5187,  0.99
5188,  0.98
5189,  0.98
5190,  0.99
5191,  0.98
5192,  0.97
5193,  0.97
5194,  0.98
5195,  0.98
5196,  0.98
5197,  0.97
5198,  0.98
5199,  0.98
5200,  0.98
5201,  0.95
5202,  0.99
5203,  0.99
5204,  0.99
5205,  0.98
5206,  0.98
5207,  0.98
5208,  0.98
5209,  0.98
5210,  0.98
5211,  0.97
5212,  0.98
5213,  0.97
5214,  0.98
5215,  0.92
5216,  0.94
5217,  0.99
5218,  0.98
5219,  0.98
5220,  0.98
5221,  0.97
5222,  0.97
5223,  0.98
5224,  0.98
5225,  0.98
5226,  0.97
5227,  0.97
5228,  0.98
5229,  0.97
5230,  0.74
5231,  0.52
5232,  0.50
5233,  0.60
5234,  0.89
5235,  0.73
5236,  0.87
5237,  0.94
5238,  0.94
5239,  0.93
5240,  0.91
5241,  0.94
5242,  0.95
5243,  0.96
5244,  0.97
5245,  0.96
5246,  0.97
5247,  0.97
5248,  0.97
5249,  0.98
5250,  0.99
5251,  0.99
5252,  0.96
5253,  0.69
5254,  0.33
5255,  0.11
5256,  0.42
5257,  0.56
5258,  0.54
5259,  0.54
5260,  0.56
5261,  0.49
5262,  0.34
5263,  0.66
5264,  0.76
5265,  0.39
5266,  0.54
5267,  0.22
5268,  0.71
5269,  0.22
5270,  0.22
5271,  0.27
5272,  0.47
5273,  0.88
5274,  0.71
5275,  0.39
5276,  0.56
5277,  0.59
5278,  0.65
5279,  0.61
5280,  0.00
5281,  0.43
5282,  0.26
5283,  0.18
5284,  0.43
5285,  0.50
5286,  0.75
5287,  0.84
5288,  0.35
5289,  0.02
5290,  0.04
5291,  0.35
5292,  0.35
5293,  0.44
5294,  0.57
5295,  0.33
5296,  0.88
5297,  0.23
5298,  0.15
5299,  0.02
5300,  0.01
5301,  0.03
5302,  0.05
5303,  0.16
5304,  0.54
5305,  0.56
5306,  0.46
5307,  0.41
5308,  0.77
5309,  0.42
5310,  0.71
5311,  0.88
5312,  0.93
5313,  0.89
5314,  0.87
5315,  0.89
5316,  0.90
5317,  0.89
5318,  0.92
5319,  0.88
5320,  0.75
5321,  0.93
5322,  0.98
5323,  0.96
5324,  0.96
5325,  0.96
5326,  0.98
5327,  0.98
5328,  0.92
5329,  0.96
5330,  0.96
5331,  0.98
5332,  0.99
5333,  0.99
5334,  0.71
5335,  0.04
5336,  0.65
5337,  0.14
5338,  0.00
5339,  0.00
5340,  0.00
5341,  0.00
5342,  0.00
5343,  0.00
5344,  0.00
5345,  0.00
5346,  0.00
5347,  0.00
5348,  0.00
5349,  0.00
5350,  0.00
5351,  0.00
5352,  0.00
5353,  0.00
5354,  0.00
5355,  0.00
5356,  0.00
5357,  0.00
5358,  0.00
5359,  0.00
5360,  0.00
5361,  0.00
5362,  0.00
5363,  0.00
5364,  0.05
5365,  0.00
5366,  0.00
5367,  0.00
5368,  0.00
5369,  0.00
5370,  0.00
5371,  0.00
5372,  0.00
5373,  0.00
5374,  0.00
5375,  0.00
5376,  0.00
5377,  0.00
5378,  0.00
5379,  0.00
5380,  0.00
5381,  0.00
5382,  0.00
5383,  0.00
5384,  0.00
5385,  0.00
5386,  0.00
5387,  0.00
5388,  0.04
5389,  0.79
5390,  0.81
5391,  0.82
5392,  0.68
5393,  0.92
5394,  0.96
5395,  0.96
5396,  0.85
5397,  0.55
5398,  0.32
5399,  0.40
5400,  0.01
5401,  0.05
5402,  0.42
5403,  0.71
5404,  0.75
5405,  0.87
5406,  0.87
5407,  0.93
5408,  0.94
5409,  0.96
5410,  0.97
5411,  0.99
5412,  1.00
5413,  1.00
5414,  1.00
5415,  0.99
5416,  0.98
5417,  0.54
5418,  0.15
5419,  0.63
5420,  0.83
5421,  0.78
5422,  0.78
5423,  0.70
5424,  0.73
5425,  0.94
5426,  0.87
5427,  0.94
5428,  0.34
5429,  0.05
5430,  0.03
5431,  0.07
5432,  0.10
5433,  0.19
5434,  0.25
5435,  0.33
5436,  0.37
5437,  0.00
5438,  0.02
5439,  0.00
5440,  0.00
5441,  0.00
5442,  0.00
5443,  0.00
5444,  0.00
5445,  0.00
5446,  0.02
5447,  0.32
5448,  0.39
5449,  0.27
5450,  0.08
5451,  0.02
5452,  0.28
5453,  0.70
5454,  0.74
5455,  0.62
5456,  0.50
5457,  0.26
5458,  0.43
5459,  0.60
5460,  0.57
5461,  0.46
5462,  0.78
5463,  0.86
5464,  0.33
5465,  0.94
5466,  0.95
5467,  0.97
5468,  0.26
5469,  0.26
5470,  0.41
5471,  0.55
5472,  0.36
5473,  0.37
5474,  0.32
5475,  0.00
5476,  0.00
5477,  0.58
5478,  0.99
5479,  0.99
5480,  0.82
5481,  0.75
5482,  0.88
5483,  0.93
5484,  0.87
5485,  0.39
5486,  0.24
5487,  0.35
5488,  0.43
5489,  0.72
5490,  0.24
5491,  0.76
5492,  0.48
5493,  0.47
5494,  0.21
5495,  0.88
5496,  0.92
5497,  0.63
5498,  0.64
5499,  0.05
5500,  0.03
5501,  0.04
5502,  0.09
5503,  0.44
5504,  0.42
5505,  0.19
5506,  0.22
5507,  0.02
5508,  0.00
5509,  0.00
5510,  0.00
5511,  0.00
5512,  0.00
5513,  0.00
5514,  0.00
5515,  0.00
5516,  0.00
5517,  0.00
5518,  0.00
5519,  0.00
5520,  0.00
5521,  0.00
5522,  0.00
5523,  0.00
5524,  0.00
5525,  0.00
5526,  0.00
5527,  0.00
5528,  0.00
5529,  0.00
5530,  0.00
5531,  0.00
5532,  0.00
5533,  0.00
5534,  0.00
5535,  0.00
5536,  0.00
5537,  0.00
5538,  0.00
5539,  0.00
5540,  0.00
5541,  0.00
5542,  0.00
5543,  0.00
5544,  0.00
5545,  0.00
5546,  0.00
5547,  0.00
5548,  0.00
5549,  0.00
5550,  0.00
5551,  0.00
5552,  0.00
5553,  0.00
5554,  0.00
5555,  0.00
5556,  0.00
5557,  0.00
5558,  0.00
5559,  0.00
5560,  0.00
5561,  0.00
5562,  0.00
5563,  0.00
5564,  0.00
5565,  0.00
5566,  0.00
5567,  0.00
5568,  0.00
5569,  0.00
5570,  0.00
5571,  0.00
5572,  0.00
5573,  0.00
5574,  0.00
5575,  0.00
5576,  0.00
5577,  0.00
5578,  0.00
5579,  0.00
5580,  0.00
5581,  0.00
5582,  0.00
5583,  0.00
5584,  0.00
5585,  0.00
5586,  0.00
5587,  0.00
5588,  0.00
5589,  0.00
5590,  0.00
5591,  0.00
5592,  0.00
5593,  0.00
5594,  0.00
5595,  0.00
5596,  0.00
5597,  0.00
5598,  0.00
5599,  0.00
5600,  0.00
5601,  0.00
5602,  0.00
5603,  0.00
5604,  0.00
5605,  0.00
5606,  0.00
5607,  0.00
5608,  0.00
5609,  0.00
5610,  0.00
5611,  0.00
5612,  0.00
5613,  0.00
5614,  0.00
5615,  0.00
5616,  0.00
5617,  0.00
5618,  0.00
5619,  0.00
5620,  0.00
5621,  0.00
5622,  0.00
5623,  0.00
5624,  0.00
5625,  0.00
5626,  0.00
5627,  0.00
5628,  0.00
5629,  0.00
5630,  0.00
5631,  0.00
5632,  0.00
5633,  0.00
5634,  0.00
5635,  0.00
5636,  0.00
5637,  0.00
5638,  0.00
5639,  0.00
5640,  0.00
5641,  0.28
5642,  0.67
5643,  0.77
5644,  0.90
5645,  0.90
5646,  0.92
5647,  0.91
5648,  0.89
5649,  0.88
5650,  0.92
5651,  0.94
5652,  0.95
5653,  0.96
5654,  0.97
5655,  0.96
5656,  0.97
5657,  0.97
5658,  0.98
5659,  0.97
5660,  0.98
5661,  0.97
5662,  0.97
5663,  0.97
5664,  0.97
5665,  0.97
5666,  0.97
5667,  0.97
5668,  0.96
5669,  0.96
5670,  0.96
5671,  0.98
5672,  0.98
5673,  0.97
5674,  0.97
5675,  0.97
5676,  0.97
5677,  0.97
5678,  0.98
5679,  0.98
5680,  0.97
5681,  0.97
5682,  0.97
5683,  0.97
5684,  0.97
5685,  0.97
5686,  0.97
5687,  0.97
5688,  0.97
5689,  0.97
5690,  0.95
5691,  0.98
5692,  0.98
5693,  0.97
5694,  0.89
5695,  0.98
5696,  0.99
5697,  0.99
5698,  0.98
5699,  0.98
5700,  0.98
5701,  0.98
5702,  0.97
5703,  0.97
5704,  0.97
5705,  0.97
5706,  0.97
5707,  0.95
5708,  0.98
5709,  0.99
5710,  0.98
5711,  0.54
5712,  0.01
5713,  0.00
5714,  0.00
5715,  0.00
5716,  0.02
5717,  0.08
5718,  0.74
5719,  0.80
5720,  0.85
5721,  0.91
5722,  0.94
5723,  0.96
5724,  0.21
5725,  0.00
5726,  0.00
5727,  0.00
5728,  0.05
5729,  0.66
5730,  0.92
5731,  0.95
5732,  0.99
5733,  0.99
5734,  0.99
5735,  0.99
5736,  0.99
5737,  0.82
5738,  0.95
5739,  0.83
5740,  0.97
5741,  0.98
5742,  0.98
5743,  0.98
5744,  0.98
5745,  0.95
5746,  0.82
5747,  0.94
5748,  0.99
5749,  0.99
5750,  0.99
5751,  0.99
5752,  0.99
5753,  0.99
5754,  0.99
5755,  0.99
5756,  0.93
5757,  0.92
5758,  0.97
5759,  0.94
5760,  0.93
5761,  0.94
5762,  0.95
5763,  0.98
5764,  0.98
5765,  0.96
5766,  0.92
5767,  0.98
5768,  0.97
5769,  0.87
5770,  0.98
5771,  0.98
5772,  0.99
5773,  0.99
5774,  0.97
5775,  0.97
5776,  0.99
5777,  0.99
5778,  0.99
5779,  0.71
5780,  0.81
5781,  0.94
5782,  0.99
5783,  0.99
5784,  0.99
5785,  0.99
5786,  0.99
5787,  0.99
5788,  1.00
5789,  0.99
5790,  0.99
5791,  0.98
5792,  0.99
5793,  1.00
5794,  1.00
5795,  0.99
5796,  1.00
5797,  1.00
5798,  1.00
5799,  1.00
5800,  1.00
5801,  0.99
5802,  1.00
5803,  1.00
5804,  1.00
5805,  0.99
5806,  0.96
5807,  1.00
5808,  0.99
5809,  0.99
5810,  0.99
5811,  1.00
5812,  1.00
5813,  0.99
5814,  1.00
5815,  1.00
5816,  1.00
5817,  0.99
5818,  0.78
5819,  0.85
5820,  0.91
5821,  0.02
5822,  0.02
5823,  0.04
5824,  0.00
5825,  0.00
5826,  0.00
5827,  0.00
5828,  0.00
5829,  0.00
5830,  0.10
5831,  0.24
5832,  0.27
5833,  0.14
5834,  0.11
5835,  0.17
5836,  0.13
5837,  0.03
5838,  0.00
5839,  0.01
5840,  0.00
5841,  0.00
5842,  0.03
5843,  0.00
5844,  0.00
5845,  0.02
5846,  0.04
5847,  0.11
5848,  0.07
5849,  0.14
5850,  0.36
5851,  0.02
5852,  0.00
5853,  0.00
5854,  0.00
5855,  0.13
5856,  0.11
5857,  0.55
5858,  0.80
5859,  0.78
5860,  0.67
5861,  0.87
5862,  0.97
5863,  0.87
5864,  0.97
5865,  0.94
5866,  0.87
5867,  0.94
5868,  0.97
5869,  0.33
5870,  0.00
5871,  0.17
5872,  0.03
5873,  0.03
5874,  0.02
5875,  0.00
5876,  0.00
5877,  0.01
5878,  0.02
5879,  0.34
5880,  0.16
5881,  0.05
5882,  0.11
5883,  0.23
5884,  0.17
5885,  0.06
5886,  0.06
5887,  0.00
5888,  0.00
5889,  0.00
5890,  0.00
5891,  0.01
5892,  0.01
5893,  0.01
5894,  0.00
5895,  0.07
5896,  0.09
5897,  0.01
5898,  0.00
5899,  0.05
5900,  0.26
5901,  0.02
5902,  0.07
5903,  0.31
5904,  0.10
5905,  0.11
5906,  0.15
5907,  0.23
5908,  0.42
5909,  0.25
5910,  0.28
5911,  0.36
5912,  0.42
5913,  0.63
5914,  0.34
5915,  0.47
5916,  0.67
5917,  0.56
5918,  0.58
5919,  0.54
5920,  0.31
5921,  0.06
5922,  0.07
5923,  0.05
5924,  0.21
5925,  0.00
5926,  0.00
5927,  0.00
5928,  0.10
5929,  0.13
5930,  0.01
5931,  0.01
5932,  0.19
5933,  0.41
5934,  0.01
5935,  0.00
5936,  0.00
5937,  0.00
5938,  0.00
5939,  0.05
5940,  0.03
5941,  0.05
5942,  0.00
5943,  0.00
5944,  0.00
5945,  0.00
5946,  0.05
5947,  0.20
5948,  0.00
5949,  0.00
5950,  0.01
5951,  0.01
5952,  0.00
5953,  0.00
5954,  0.00
5955,  0.00
5956,  0.03
5957,  0.02
5958,  0.07
5959,  0.00
5960,  0.01
5961,  0.18
5962,  0.70
5963,  0.84
5964,  0.86
5965,  0.70
5966,  0.15
5967,  0.11
5968,  0.37
5969,  0.41
5970,  0.65
5971,  0.57
5972,  0.65
5973,  0.72
5974,  0.59
5975,  0.86
5976,  0.77
5977,  0.78
5978,  0.60
5979,  0.16
5980,  0.53
5981,  0.01
5982,  0.23
5983,  0.02
5984,  0.40
5985,  0.48
5986,  0.95
5987,  0.91
5988,  0.73
5989,  0.94
5990,  0.95
5991,  0.84
5992,  0.92
5993,  0.96
5994,  0.97
5995,  0.97
5996,  0.97
5997,  0.83
5998,  0.85
5999,  0.92
6000,  0.86
6001,  0.91
6002,  0.88
6003,  0.92
6004,  0.99
6005,  0.99
6006,  0.99
6007,  1.00
6008,  0.91
6009,  0.30
6010,  0.10
6011,  0.51
6012,  0.93
6013,  1.00
6014,  1.00
6015,  1.00
6016,  1.00
6017,  1.00
6018,  1.00
6019,  1.00
6020,  1.00
6021,  1.00
6022,  0.99
6023,  1.00
6024,  1.00
6025,  1.00
6026,  1.00
6027,  0.99
6028,  0.99
6029,  1.00
6030,  1.00
6031,  1.00
6032,  1.00
6033,  1.00
6034,  1.00
6035,  1.00
6036,  1.00
6037,  1.00
6038,  1.00
6039,  1.00
6040,  1.00
6041,  1.00
6042,  0.93
6043,  0.97
6044,  1.00
6045,  1.00
6046,  1.00
6047,  1.00
6048,  1.00
6049,  1.00
6050,  1.00
6051,  1.00
6052,  1.00
6053,  1.00
6054,  1.00
6055,  1.00
6056,  1.00
6057,  1.00
6058,  1.00
6059,  1.00
6060,  1.00
6061,  1.00
6062,  1.00
6063,  0.98
6064,  1.00
6065,  1.00
6066,  1.00
6067,  1.00
6068,  1.00
6069,  1.00
6070,  1.00
6071,  1.00
6072,  1.00
6073,  1.00
6074,  1.00
6075,  1.00
6076,  1.00
6077,  1.00
6078,  1.00
6079,  1.00
6080,  1.00
6081,  0.99
6082,  1.00
6083,  1.00
6084,  1.00
6085,  1.00
6086,  1.00
6087,  1.00
6088,  1.00
6089,  1.00
6090,  1.00
6091,  1.00
6092,  1.00
6093,  1.00
6094,  0.99
6095,  1.00
6096,  1.00
6097,  1.00
6098,  1.00
6099,  1.00
6100,  1.00
6101,  1.00
6102,  1.00
6103,  0.99
6104,  1.00
6105,  1.00
6106,  1.00
6107,  1.00
6108,  1.00
6109,  1.00
6110,  1.00
6111,  1.00
6112,  1.00
6113,  1.00
6114,  1.00
6115,  1.00
6116,  1.00
6117,  1.00
6118,  1.00
6119,  1.00
6120,  0.93
6121,  1.00
6122,  1.00
6123,  1.00
6124,  1.00
6125,  0.99
6126,  1.00
6127,  1.00
6128,  1.00
6129,  1.00
6130,  1.00
6131,  0.90
6132,  0.01
6133,  0.00
6134,  0.00
6135,  0.00
6136,  0.00
6137,  0.00
6138,  0.00
6139,  0.08
6140,  0.14
6141,  0.24
6142,  0.46
6143,  0.34
6144,  0.02
6145,  0.05
6146,  0.03
6147,  0.01
6148,  0.15
6149,  0.39
6150,  0.75
6151,  0.85
6152,  0.83
6153,  0.89
6154,  0.91
6155,  0.90
6156,  0.94
6157,  0.96
6158,  0.97
6159,  0.92
6160,  0.97
6161,  0.96
6162,  0.99
6163,  0.99
6164,  0.99
6165,  0.99
6166,  0.99
6167,  0.99
6168,  1.00
6169,  0.99
6170,  0.86
6171,  0.93
6172,  0.96
6173,  1.00
6174,  0.99
6175,  0.99
6176,  0.98
6177,  0.98
6178,  0.98
6179,  0.99
6180,  0.98
6181,  0.98
6182,  0.79
6183,  0.98
6184,  0.99
6185,  0.99
6186,  0.99
6187,  0.99
6188,  0.99
6189,  0.99
6190,  0.99
6191,  0.73
6192,  0.12
6193,  0.06
6194,  0.80
6195,  0.86
6196,  0.95
6197,  0.94
6198,  0.92
6199,  0.94
6200,  0.94
6201,  0.98
6202,  0.98
6203,  0.99
6204,  0.99
6205,  0.99
6206,  0.99
6207,  0.99
6208,  0.99
6209,  0.99
6210,  0.99
6211,  0.99
6212,  0.98
6213,  0.93
6214,  0.98
6215,  0.99
6216,  0.99
6217,  1.00
6218,  1.00
6219,  1.00
6220,  1.00
6221,  0.85
6222,  0.10
6223,  0.53
6224,  0.11
6225,  0.03
6226,  0.04
6227,  0.77
6228,  0.97
6229,  0.99
6230,  0.70
6231,  0.54
6232,  0.96
6233,  0.89
6234,  0.98
6235,  0.99
6236,  0.98
6237,  1.00
6238,  1.00
6239,  1.00
6240,  1.00
6241,  1.00
6242,  1.00
6243,  1.00
6244,  0.99
6245,  1.00
6246,  0.99
6247,  1.00
6248,  1.00
6249,  0.97
6250,  0.89
6251,  1.00
6252,  1.00
6253,  1.00
6254,  1.00
6255,  1.00
6256,  1.00
6257,  1.00
6258,  0.98
6259,  1.00
6260,  1.00
6261,  1.00
6262,  1.00
6263,  1.00
6264,  1.00
6265,  1.00
6266,  1.00
6267,  1.00
6268,  1.00
6269,  1.00
6270,  1.00
6271,  1.00
6272,  1.00
6273,  1.00
6274,  1.00
6275,  1.00
6276,  1.00
6277,  1.00
6278,  1.00
6279,  1.00
6280,  0.96
6281,  1.00
6282,  1.00
6283,  1.00
6284,  1.00
6285,  1.00
6286,  1.00
6287,  1.00
6288,  1.00
6289,  1.00
6290,  1.00
6291,  1.00
6292,  1.00
6293,  1.00
6294,  1.00
6295,  1.00
6296,  1.00
6297,  1.00
6298,  1.00
6299,  1.00
6300,  1.00
6301,  1.00
6302,  1.00
6303,  1.00
6304,  1.00
6305,  1.00
6306,  1.00
6307,  1.00
6308,  1.00
6309,  0.97
6310,  1.00
6311,  1.00
6312,  1.00
6313,  1.00
6314,  1.00
6315,  1.00
6316,  1.00
6317,  1.00
6318,  1.00
6319,  1.00
6320,  1.00
6321,  1.00
6322,  1.00
6323,  1.00
6324,  1.00
6325,  1.00
6326,  1.00
6327,  1.00
6328,  1.00
6329,  1.00
6330,  1.00
6331,  1.00
6332,  1.00
6333,  1.00
6334,  1.00
6335,  1.00
6336,  1.00
6337,  1.00
6338,  1.00
6339,  1.00
6340,  1.00
6341,  1.00
6342,  1.00
6343,  1.00
6344,  1.00
6345,  1.00
6346,  1.00
6347,  1.00
6348,  1.00
6349,  1.00
6350,  1.00
6351,  1.00
6352,  1.00
6353,  1.00
6354,  1.00
6355,  1.00
6356,  1.00
6357,  1.00
6358,  1.00
6359,  1.00
6360,  1.00
6361,  1.00
6362,  1.00
6363,  1.00
6364,  1.00
6365,  1.00
6366,  1.00
6367,  1.00
6368,  1.00
6369,  1.00
6370,  1.00
6371,  1.00
6372,  1.00
6373,  1.00
6374,  1.00
6375,  1.00
6376,  0.99
6377,  1.00
6378,  1.00
6379,  1.00
6380,  1.00
6381,  1.00
6382,  1.00
6383,  1.00
6384,  1.00
6385,  1.00
6386,  1.00
6387,  1.00
6388,  0.63
6389,  0.76
6390,  0.98
6391,  0.97
6392,  0.99
6393,  0.98
6394,  0.96
6395,  0.97
6396,  0.98
6397,  0.99
6398,  0.99
6399,  0.99
6400,  0.99
6401,  1.00
6402,  1.00
6403,  1.00
6404,  1.00
6405,  1.00
6406,  0.81
6407,  0.84
6408,  0.98
6409,  0.98
6410,  0.99
6411,  0.99
6412,  1.00
6413,  0.99
6414,  1.00
6415,  0.99
6416,  0.78
6417,  0.98
6418,  0.99
6419,  0.99
6420,  1.00
6421,  1.00
6422,  1.00
6423,  1.00
6424,  1.00
6425,  1.00
6426,  0.48
6427,  0.03
6428,  0.16
6429,  0.83
6430,  0.95
6431,  0.94
6432,  0.89
6433,  0.99
6434,  1.00
6435,  1.00
6436,  0.99
6437,  0.99
6438,  0.98
6439,  0.97
6440,  0.98
6441,  0.98
6442,  0.98
6443,  0.99
6444,  0.99
6445,  0.99
6446,  0.99
6447,  1.00
6448,  1.00
6449,  1.00
6450,  1.00
6451,  0.99
6452,  1.00
6453,  1.00
6454,  1.00
6455,  1.00
6456,  1.00
6457,  1.00
6458,  1.00
6459,  0.20
6460,  0.00
6461,  0.00
6462,  0.00
6463,  0.00
6464,  0.00
6465,  0.00
6466,  0.00
6467,  0.00
6468,  0.00
6469,  0.00
6470,  0.00
6471,  0.00
6472,  0.00
6473,  0.00
6474,  0.00
6475,  0.00
6476,  0.00
6477,  0.00
6478,  0.00
6479,  0.00
6480,  0.00
6481,  0.00
6482,  0.01
6483,  0.81
6484,  0.96
6485,  0.93
6486,  0.98
6487,  0.98
6488,  0.98
6489,  0.99
6490,  0.99
6491,  0.99
6492,  0.99
6493,  1.00
6494,  0.99
6495,  0.99
6496,  0.99
6497,  0.99
6498,  0.99
6499,  0.99
6500,  0.99
6501,  0.99
6502,  0.99
6503,  1.00
6504,  1.00
6505,  1.00
6506,  1.00
6507,  0.99
6508,  1.00
6509,  1.00
6510,  1.00
6511,  1.00
6512,  1.00
6513,  1.00
6514,  1.00
6515,  1.00
6516,  1.00
6517,  1.00
6518,  1.00
6519,  1.00
6520,  1.00
6521,  1.00
6522,  1.00
6523,  1.00
6524,  1.00
6525,  1.00
6526,  1.00
6527,  1.00
6528,  1.00
6529,  1.00
6530,  1.00
6531,  1.00
6532,  1.00
6533,  1.00
6534,  1.00
6535,  1.00
6536,  1.00
6537,  1.00
6538,  1.00
6539,  1.00
6540,  1.00
6541,  1.00
6542,  1.00
6543,  1.00
6544,  1.00
6545,  1.00
6546,  1.00
6547,  1.00
6548,  1.00
6549,  1.00
6550,  0.56
6551,  0.00
6552,  0.00
6553,  0.00
6554,  0.00
6555,  0.00
6556,  0.00
6557,  0.00
6558,  0.00
6559,  0.01
6560,  0.02
6561,  0.03
6562,  0.05
6563,  0.63
6564,  0.99
6565,  1.00
6566,  1.00
6567,  1.00
6568,  1.00
6569,  1.00
6570,  0.99
6571,  1.00
6572,  1.00
6573,  1.00
6574,  1.00
6575,  1.00
6576,  1.00
6577,  1.00
6578,  1.00
6579,  1.00
6580,  1.00
6581,  0.32
6582,  0.00
6583,  0.00
6584,  0.00
6585,  0.00
6586,  0.00
6587,  0.00
6588,  0.00
6589,  0.00
6590,  0.28
6591,  0.78
6592,  1.00
6593,  1.00
6594,  1.00
6595,  1.00
6596,  1.00
6597,  1.00
6598,  0.99
6599,  0.78
6600,  0.50
6601,  0.93
6602,  1.00
6603,  1.00
6604,  1.00
6605,  1.00
6606,  1.00
6607,  1.00
6608,  1.00
6609,  1.00
6610,  1.00
6611,  1.00
6612,  0.28
6613,  0.70
6614,  0.97
6615,  0.99
6616,  1.00
6617,  1.00
6618,  1.00
6619,  1.00
6620,  1.00
6621,  1.00
6622,  1.00
6623,  1.00
6624,  1.00
6625,  1.00
6626,  1.00
6627,  1.00
6628,  0.81
6629,  0.85
6630,  0.88
6631,  0.93
6632,  0.93
6633,  0.95
6634,  0.96
6635,  0.95
6636,  0.95
6637,  0.22
6638,  0.00
6639,  0.00
6640,  0.00
6641,  0.00
6642,  0.00
6643,  0.00
6644,  0.00
6645,  0.00
6646,  0.00
6647,  0.00
6648,  0.00
6649,  0.00
6650,  0.00
6651,  0.00
6652,  0.00
6653,  0.00
6654,  0.00
6655,  0.00
6656,  0.00
6657,  0.00
6658,  0.00
6659,  0.00
6660,  0.00
6661,  0.00
6662,  0.00
6663,  0.00
6664,  0.00
6665,  0.00
6666,  0.00
6667,  0.00
6668,  0.01
6669,  0.01
6670,  0.04
6671,  0.17
6672,  0.25
6673,  0.91
6674,  0.99
6675,  0.99
6676,  0.99
6677,  0.98
6678,  0.98
6679,  0.98
6680,  0.99
6681,  0.99
6682,  0.99
6683,  0.41
6684,  0.93
6685,  1.00
6686,  1.00
6687,  1.00
6688,  0.99
6689,  1.00
6690,  0.99
6691,  0.99
6692,  1.00
6693,  0.99
6694,  0.99
6695,  0.99
6696,  0.98
6697,  1.00
6698,  1.00
6699,  1.00
6700,  1.00
6701,  1.00
6702,  0.99
6703,  0.99
6704,  0.99
6705,  0.38
6706,  0.24
6707,  0.72
6708,  0.21
6709,  0.37
6710,  0.14
6711,  0.05
6712,  0.48
6713,  0.72
6714,  0.67
6715,  0.58
6716,  0.54
6717,  0.53
6718,  0.61
6719,  0.10
6720,  0.02
6721,  0.00
6722,  0.00
6723,  0.00
6724,  0.00
6725,  0.02
6726,  0.05
6727,  0.05
6728,  0.00
6729,  0.00
6730,  0.00
6731,  0.00
6732,  0.00
6733,  0.00
6734,  0.00
6735,  0.00
6736,  0.00
6737,  0.00
6738,  0.00
6739,  0.00
6740,  0.00
6741,  0.00
6742,  0.01
6743,  0.44
6744,  0.88
6745,  0.96
6746,  0.99
6747,  0.98
6748,  0.97
6749,  0.97
6750,  0.95
6751,  0.99
6752,  0.99
6753,  0.98
6754,  0.97
6755,  0.98
6756,  0.97
6757,  0.97
6758,  0.97
6759,  0.98
6760,  0.73
6761,  0.72
6762,  0.59
6763,  0.40
6764,  0.43
6765,  0.94
6766,  0.86
6767,  0.88
6768,  0.92
6769,  0.93
6770,  0.93
6771,  0.91
6772,  0.55
6773,  0.98
6774,  1.00
6775,  1.00
6776,  1.00
6777,  1.00
6778,  0.94
6779,  1.00
6780,  0.99
6781,  0.93
6782,  0.92
6783,  0.71
6784,  0.66
6785,  0.83
6786,  0.89
6787,  0.92
6788,  0.94
6789,  0.95
6790,  0.96
6791,  0.96
6792,  0.96
6793,  0.94
6794,  0.97
6795,  0.97
6796,  0.67
6797,  0.99
6798,  0.99
6799,  0.98
6800,  0.97
6801,  0.98
6802,  0.98
6803,  0.98
6804,  0.89
6805,  0.99
6806,  1.00
6807,  0.98
6808,  0.96
6809,  0.97
6810,  0.96
6811,  0.96
6812,  0.96
6813,  0.97
6814,  0.96
6815,  0.96
6816,  0.97
6817,  0.97
6818,  0.95
6819,  0.01
6820,  0.00
6821,  0.00
6822,  0.00
6823,  0.00
6824,  0.03
6825,  0.14
6826,  0.61
6827,  0.45
6828,  0.52
6829,  0.00
6830,  0.00
6831,  0.00
6832,  0.00
6833,  0.00
6834,  0.00
6835,  0.10
6836,  0.00
6837,  0.00
6838,  0.00
6839,  0.00
6840,  0.00
6841,  0.10
6842,  0.14
6843,  0.03
6844,  0.01
6845,  0.02
6846,  0.04
6847,  0.21
6848,  0.17
6849,  0.00
6850,  0.02
6851,  0.00
6852,  0.01
6853,  0.00
6854,  0.00
6855,  0.06
6856,  0.03
6857,  0.28
6858,  0.40
6859,  0.75
6860,  0.79
6861,  0.52
6862,  0.42
6863,  0.66
6864,  0.37
6865,  0.18
6866,  0.59
6867,  0.80
6868,  0.74
6869,  0.80
6870,  0.99
6871,  0.47
6872,  0.68
6873,  0.06
6874,  0.61
6875,  0.25
6876,  0.76
6877,  0.37
6878,  0.11
6879,  0.12
6880,  0.35
6881,  0.66
6882,  0.65
6883,  0.26
6884,  0.41
6885,  0.41
6886,  0.21
6887,  0.32
6888,  0.76
6889,  0.99
6890,  0.99
6891,  1.00
6892,  0.99
6893,  0.99
6894,  0.98
6895,  0.99
6896,  0.99
6897,  0.99
6898,  0.99
6899,  0.99
6900,  0.98
6901,  0.98
6902,  0.95
6903,  0.97
6904,  0.98
6905,  0.98
6906,  0.98
6907,  0.98
6908,  0.98
6909,  0.98
6910,  0.99
6911,  0.99
6912,  0.99
6913,  0.99
6914,  0.96
6915,  0.98
6916,  0.98
6917,  0.98
6918,  0.99
6919,  0.99
6920,  0.99
6921,  0.99
6922,  0.89
6923,  0.04
6924,  0.54
6925,  0.98
6926,  1.00
6927,  1.00
6928,  0.99
6929,  0.99
6930,  0.99
6931,  0.99
6932,  0.99
6933,  1.00
6934,  1.00
6935,  0.99
6936,  0.99
6937,  0.99
6938,  0.99
6939,  1.00
6940,  1.00
6941,  1.00
6942,  1.00
6943,  1.00
6944,  1.00
6945,  1.00
6946,  0.85
6947,  1.00
6948,  1.00
6949,  1.00
6950,  1.00
6951,  1.00
6952,  1.00
6953,  1.00
6954,  1.00
6955,  1.00
6956,  1.00
6957,  1.00
6958,  1.00
6959,  0.82
6960,  1.00
6961,  1.00
6962,  1.00
6963,  1.00
6964,  1.00
6965,  1.00
6966,  1.00
6967,  1.00
6968,  1.00
6969,  1.00
6970,  1.00
6971,  0.92
6972,  0.03
6973,  0.02
6974,  0.01
6975,  0.86
6976,  1.00
6977,  1.00
6978,  1.00
6979,  1.00
6980,  1.00
6981,  1.00
6982,  1.00
6983,  1.00
6984,  1.00
6985,  1.00
6986,  1.00
6987,  1.00
6988,  1.00
6989,  1.00
6990,  1.00
6991,  1.00
6992,  0.47
6993,  0.92
6994,  1.00
6995,  1.00
6996,  1.00
6997,  1.00
6998,  1.00
6999,  1.00
7000,  1.00
7001,  0.98
7002,  1.00
7003,  1.00
7004,  1.00
7005,  1.00
7006,  0.97
7007,  1.00
7008,  1.00
7009,  1.00
7010,  1.00
7011,  1.00
7012,  1.00
7013,  1.00
7014,  1.00
7015,  0.98
7016,  1.00
7017,  1.00
7018,  1.00
7019,  1.00
7020,  1.00
7021,  1.00
7022,  0.86
7023,  1.00
7024,  1.00
7025,  1.00
7026,  1.00
7027,  1.00
7028,  1.00
7029,  1.00
7030,  1.00
7031,  1.00
7032,  1.00
7033,  1.00
7034,  1.00
7035,  1.00
7036,  1.00
7037,  1.00
7038,  1.00
7039,  1.00
7040,  1.00
7041,  1.00
7042,  1.00
7043,  0.87
7044,  0.90
7045,  1.00
7046,  1.00
7047,  0.99
7048,  0.98
7049,  1.00
7050,  1.00
7051,  1.00
7052,  1.00
7053,  1.00
7054,  1.00
7055,  1.00
7056,  1.00
7057,  1.00
7058,  1.00
7059,  0.85
7060,  0.92
7061,  0.81
7062,  0.91
7063,  0.98
7064,  1.00
7065,  1.00
7066,  1.00
7067,  1.00
7068,  1.00
7069,  1.00
7070,  0.98
7071,  1.00
7072,  1.00
7073,  1.00
7074,  0.67
7075,  0.00
7076,  0.26
7077,  0.98
7078,  1.00
7079,  1.00
7080,  1.00
7081,  1.00
7082,  1.00
7083,  1.00
7084,  1.00
7085,  1.00
7086,  1.00
7087,  1.00
7088,  1.00
7089,  1.00
7090,  1.00
7091,  1.00
7092,  1.00
7093,  0.99
7094,  1.00
7095,  1.00
7096,  1.00
7097,  1.00
7098,  1.00
7099,  1.00
7100,  1.00
7101,  1.00
7102,  1.00
7103,  1.00
7104,  1.00
7105,  1.00
7106,  1.00
7107,  1.00
7108,  1.00
7109,  1.00
7110,  1.00
7111,  1.00
7112,  1.00
7113,  1.00
7114,  1.00
7115,  0.98
7116,  1.00
7117,  1.00
7118,  0.99
7119,  1.00
7120,  1.00
7121,  1.00
7122,  1.00
7123,  1.00
7124,  1.00
7125,  1.00
7126,  0.99
7127,  1.00
7128,  1.00
7129,  1.00
7130,  1.00
7131,  1.00
7132,  1.00
7133,  0.99
7134,  1.00
7135,  1.00
7136,  1.00
7137,  1.00
7138,  1.00
7139,  1.00
7140,  1.00
7141,  0.97
7142,  1.00
7143,  1.00
7144,  1.00
7145,  0.14
7146,  0.01
7147,  0.47
7148,  0.23
7149,  0.24
7150,  0.29
7151,  0.67
7152,  0.90
7153,  0.84
7154,  0.94
7155,  0.82
7156,  0.87
7157,  0.79
7158,  0.48
7159,  0.81
7160,  0.93
7161,  0.90
7162,  0.85
7163,  0.60
7164,  0.83
7165,  0.84
7166,  0.44
7167,  0.01
7168,  0.00
7169,  0.00
7170,  0.00
7171,  0.00
7172,  0.00
7173,  0.00
7174,  0.00
7175,  0.00
7176,  0.00
7177,  0.00
7178,  0.01
7179,  0.10
7180,  0.95
7181,  0.98
7182,  0.98
7183,  0.98
7184,  0.98
7185,  0.99
7186,  0.99
7187,  1.00
7188,  0.99
7189,  1.00
7190,  1.00
7191,  1.00
7192,  1.00
7193,  1.00
7194,  0.96
7195,  1.00
7196,  0.99
7197,  0.99
7198,  1.00
7199,  1.00
7200,  1.00
7201,  0.39
7202,  0.00
7203,  0.00
7204,  0.00
7205,  0.00
7206,  0.30
7207,  0.32
7208,  0.82
7209,  0.67
7210,  0.86
7211,  0.72
7212,  0.79
7213,  0.94
7214,  0.20
7215,  0.00
7216,  0.00
7217,  0.00
7218,  0.29
7219,  0.96
7220,  0.97
7221,  0.99
7222,  1.00
7223,  1.00
7224,  0.99
7225,  1.00
7226,  1.00
7227,  1.00
7228,  1.00
7229,  0.99
7230,  0.99
7231,  1.00
7232,  1.00
7233,  1.00
7234,  1.00
7235,  1.00
7236,  1.00
7237,  0.99
7238,  0.59
7239,  0.00
7240,  0.00
7241,  0.64
7242,  0.99
7243,  0.98
7244,  0.98
7245,  1.00
7246,  0.99
7247,  0.99
7248,  0.99
7249,  0.99
7250,  0.98
7251,  0.99
7252,  0.97
7253,  0.98
7254,  0.98
7255,  0.98
7256,  0.94
7257,  0.91
7258,  0.66
7259,  0.00
7260,  0.06
7261,  0.09
7262,  0.73
7263,  0.94
7264,  0.97
7265,  0.98
7266,  0.99
7267,  0.99
7268,  0.99
7269,  1.00
7270,  0.99
7271,  0.99
7272,  0.98
7273,  0.98
7274,  0.98
7275,  0.99
7276,  0.98
7277,  0.99
7278,  0.98
7279,  0.99
7280,  0.99
7281,  0.29
7282,  0.00
7283,  0.00
7284,  0.00
7285,  0.00
7286,  0.00
7287,  0.00
7288,  0.00
7289,  0.00
7290,  0.00
7291,  0.00
7292,  0.00
7293,  0.00
7294,  0.00
7295,  0.00
7296,  0.00
7297,  0.00
7298,  0.00
7299,  0.00
7300,  0.00
7301,  0.00
7302,  0.00
7303,  0.00
7304,  0.00
7305,  0.00
7306,  0.00
7307,  0.00
7308,  0.00
7309,  0.00
7310,  0.00
7311,  0.00
7312,  0.00
7313,  0.00
7314,  0.00
7315,  0.00
7316,  0.00
7317,  0.00
7318,  0.00
7319,  0.00
7320,  0.00
7321,  0.00
7322,  0.00
7323,  0.00
7324,  0.00
7325,  0.00
7326,  0.00
7327,  0.00
7328,  0.00
7329,  0.00
7330,  0.00
7331,  0.00
7332,  0.00
7333,  0.00
7334,  0.00
7335,  0.00
7336,  0.00
7337,  0.00
7338,  0.00
7339,  0.00
7340,  0.00
7341,  0.00
7342,  0.14
7343,  0.02
7344,  0.18
7345,  0.00
7346,  0.00
7347,  0.00
7348,  0.00
7349,  0.00
7350,  0.00
7351,  0.00
7352,  0.01
7353,  0.01
7354,  0.00
7355,  0.00
7356,  0.00
7357,  0.00
7358,  0.00
7359,  0.00
7360,  0.00
7361,  0.00
7362,  0.00
7363,  0.00
7364,  0.00
7365,  0.00
7366,  0.00
7367,  0.00
7368,  0.00
7369,  0.10
7370,  0.30
7371,  0.00
7372,  0.00
7373,  0.00
7374,  0.00
7375,  0.00
7376,  0.01
7377,  0.00
7378,  0.00
7379,  0.00
7380,  0.34
7381,  0.02
7382,  0.14
7383,  0.03
7384,  0.01
7385,  0.00
7386,  0.00
7387,  0.14
7388,  0.07
7389,  0.22
7390,  0.11
7391,  0.01
7392,  0.00
7393,  0.00
7394,  0.05
7395,  0.53
7396,  0.79
7397,  0.82
7398,  0.85
7399,  0.91
7400,  0.93
7401,  0.57
7402,  0.00
7403,  0.00
7404,  0.47
7405,  0.88
7406,  0.99
7407,  0.99
7408,  0.98
7409,  0.95
7410,  0.95
7411,  0.96
7412,  0.98
7413,  0.98
7414,  0.97
7415,  0.85
7416,  0.85
7417,  0.98
7418,  0.99
7419,  0.99
7420,  0.98
7421,  0.23
7422,  0.03
7423,  0.17
7424,  0.96
7425,  0.99
7426,  0.99
7427,  1.00
7428,  1.00
7429,  0.99
7430,  1.00
7431,  1.00
7432,  0.99
7433,  0.99
7434,  1.00
7435,  1.00
7436,  1.00
7437,  1.00
7438,  1.00
7439,  1.00
7440,  1.00
7441,  0.97
7442,  1.00
7443,  1.00
7444,  1.00
7445,  1.00
7446,  1.00
7447,  1.00
7448,  1.00
7449,  1.00
7450,  1.00
7451,  1.00
7452,  1.00
7453,  1.00
7454,  1.00
7455,  1.00
7456,  1.00
7457,  1.00
7458,  1.00
7459,  1.00
7460,  1.00
7461,  1.00
7462,  1.00
7463,  1.00
7464,  1.00
7465,  1.00
7466,  1.00
7467,  1.00
7468,  1.00
7469,  0.89
7470,  0.66
7471,  1.00
7472,  1.00
7473,  1.00
7474,  1.00
7475,  1.00
7476,  1.00
7477,  1.00
7478,  1.00
7479,  1.00
7480,  1.00
7481,  1.00
7482,  1.00
7483,  1.00
7484,  1.00
7485,  1.00
7486,  1.00
7487,  1.00
7488,  1.00
7489,  1.00
7490,  1.00
7491,  1.00
7492,  1.00
7493,  1.00
7494,  1.00
7495,  1.00
7496,  1.00
7497,  0.79
7498,  0.81
7499,  0.93
7500,  0.71
7501,  0.55
7502,  0.33
7503,  0.30
7504,  0.20
7505,  0.12
7506,  0.77
7507,  0.96
7508,  0.98
7509,  0.98
7510,  0.99
7511,  1.00
7512,  0.99
7513,  0.98
7514,  0.98
7515,  0.99
7516,  0.97
7517,  0.04
7518,  0.00
7519,  0.00
7520,  0.00
7521,  0.09
7522,  0.23
7523,  1.00
7524,  1.00
7525,  1.00
7526,  1.00
7527,  1.00
7528,  0.99
7529,  0.99
7530,  0.99
7531,  0.99
7532,  1.00
7533,  0.99
7534,  0.99
7535,  0.99
7536,  0.99
7537,  0.97
7538,  0.98
7539,  0.99
7540,  0.99
7541,  0.97
7542,  0.99
7543,  0.99
7544,  0.99
7545,  1.00
7546,  0.99
7547,  0.98
7548,  0.98
7549,  0.97
7550,  0.85
7551,  0.40
7552,  0.00
7553,  0.84
7554,  0.99
7555,  0.35
7556,  0.07
7557,  0.79
7558,  1.00
7559,  1.00
7560,  1.00
7561,  1.00
7562,  1.00
7563,  1.00
7564,  1.00
7565,  1.00
7566,  1.00
7567,  1.00
7568,  1.00
7569,  1.00
7570,  1.00
7571,  1.00
7572,  1.00
7573,  1.00
7574,  1.00
7575,  1.00
7576,  1.00
7577,  1.00
7578,  1.00
7579,  1.00
7580,  1.00
7581,  1.00
7582,  1.00
7583,  1.00
7584,  1.00
7585,  1.00
7586,  1.00
7587,  1.00
7588,  1.00
7589,  1.00
7590,  1.00
7591,  1.00
7592,  1.00
7593,  1.00
7594,  1.00
7595,  1.00
7596,  1.00
7597,  1.00
7598,  0.79
7599,  0.40
7600,  0.14
7601,  0.00
7602,  0.00
7603,  0.00
7604,  0.00
7605,  0.00
7606,  0.00
7607,  0.00
7608,  0.00
7609,  0.00
7610,  0.00
7611,  0.00
7612,  0.00
7613,  0.00
7614,  0.00
7615,  0.00
7616,  0.00
7617,  0.00
7618,  0.00
7619,  0.00
7620,  0.00
7621,  0.00
7622,  0.00
7623,  0.00
7624,  0.00
7625,  0.00
7626,  0.11
7627,  0.53
7628,  1.00
