1,  0.12
2,  0.10
3,  0.10
4,  0.09
5,  0.10
6,  0.09
7,  0.09
8,  0.12
9,  0.09
10,  0.10
11,  0.10
12,  0.10
13,  0.11
14,  0.11
15,  0.12
16,  0.10
17,  0.10
18,  0.11
19,  0.10
20,  0.09
21,  0.10
22,  0.10
23,  0.10
24,  0.10
25,  0.09
26,  0.10
27,  0.10
28,  0.11
29,  0.10
30,  0.11
31,  0.12
32,  0.16
33,  0.23
34,  0.33
35,  0.42
36,  0.18
37,  0.11
38,  0.09
39,  0.12
40,  0.14
41,  0.12
42,  0.12
43,  0.11
44,  0.12
45,  0.11
46,  0.12
47,  0.10
48,  0.10
49,  0.09
50,  0.13
51,  0.12
52,  0.13
53,  0.10
54,  0.06
55,  0.05
56,  0.04
57,  0.06
58,  0.03
59,  0.03
60,  0.05
61,  0.04
62,  0.02
63,  0.03
64,  0.02
65,  0.05
66,  0.05
67,  0.03
68,  0.03
69,  0.07
70,  0.03
71,  0.04
72,  0.04
73,  0.03
74,  0.03
75,  0.03
76,  0.02
77,  0.03
78,  0.01
79,  0.01
80,  0.01
81,  0.01
82,  0.00
83,  0.01
84,  0.01
85,  0.01
86,  0.06
87,  0.03
88,  0.03
89,  0.01
90,  0.02
91,  0.02
92,  0.03
93,  0.01
94,  0.02
95,  0.02
96,  0.02
97,  0.02
98,  0.02
99,  0.02
100,  0.02
101,  0.01
102,  0.02
103,  0.01
104,  0.01
105,  0.01
106,  0.01
107,  0.01
108,  0.01
109,  0.00
110,  0.01
111,  0.01
112,  0.01
113,  0.01
114,  0.01
115,  0.01
116,  0.01
117,  0.01
118,  0.01
119,  0.02
120,  0.01
121,  0.01
122,  0.01
123,  0.01
124,  0.01
125,  0.01
126,  0.01
127,  0.01
128,  0.02
129,  0.01
130,  0.01
131,  0.07
132,  0.01
133,  0.01
134,  0.01
135,  0.01
136,  0.02
137,  0.01
138,  0.02
139,  0.02
140,  0.01
141,  0.01
142,  0.02
143,  0.01
144,  0.02
145,  0.03
146,  0.01
147,  0.01
148,  0.03
149,  0.01
150,  0.02
151,  0.02
152,  0.01
153,  0.00
154,  0.01
155,  0.01
156,  0.01
157,  0.01
158,  0.02
159,  0.00
160,  0.00
161,  0.12
162,  0.13
163,  0.17
164,  0.23
165,  0.26
166,  0.21
167,  0.20
168,  0.05
169,  0.14
170,  0.17
171,  0.07
172,  0.02
173,  0.13
174,  0.26
175,  0.17
176,  0.06
177,  0.04
178,  0.01
179,  0.02
180,  0.00
181,  0.00
182,  0.00
183,  0.01
184,  0.01
185,  0.01
186,  0.01
187,  0.01
188,  0.01
189,  0.03
190,  0.03
191,  0.03
192,  0.02
193,  0.03
194,  0.04
195,  0.03
196,  0.04
197,  0.05
198,  0.04
199,  0.04
200,  0.01
201,  0.03
202,  0.03
203,  0.03
204,  0.04
205,  0.04
206,  0.03
207,  0.04
208,  0.04
209,  0.03
210,  0.04
211,  0.04
212,  0.04
213,  0.05
214,  0.05
215,  0.03
216,  0.02
217,  0.03
218,  0.05
219,  0.04
220,  0.04
221,  0.05
222,  0.04
223,  0.04
224,  0.06
225,  0.05
226,  0.06
227,  0.05
228,  0.05
229,  0.06
230,  0.06
231,  0.04
232,  0.04
233,  0.05
234,  0.26
235,  0.17
236,  0.03
237,  0.03
238,  0.04
239,  0.03
240,  0.04
241,  0.03
242,  0.03
243,  0.04
244,  0.04
245,  0.05
246,  0.05
247,  0.03
248,  0.03
249,  0.05
250,  0.05
251,  0.08
252,  0.08
253,  0.04
254,  0.03
255,  0.04
256,  0.04
257,  0.03
258,  0.03
259,  0.03
260,  0.03
261,  0.06
262,  0.05
263,  0.02
264,  0.03
265,  0.03
266,  0.03
267,  0.03
268,  0.03
269,  0.04
270,  0.03
271,  0.04
272,  0.04
273,  0.04
274,  0.04
275,  0.03
276,  0.03
277,  0.03
278,  0.02
279,  0.03
280,  0.04
281,  0.02
282,  0.03
283,  0.07
284,  0.08
285,  0.03
286,  0.03
287,  0.03
288,  0.04
289,  0.06
290,  0.04
291,  0.03
292,  0.03
293,  0.03
294,  0.02
295,  0.02
296,  0.04
297,  0.04
298,  0.02
299,  0.07
300,  0.28
301,  0.19
302,  0.04
303,  0.05
304,  0.04
305,  0.04
306,  0.03
307,  0.03
308,  0.03
309,  0.02
310,  0.02
311,  0.41
312,  0.05
313,  0.02
314,  0.01
315,  0.02
316,  0.03
317,  0.03
318,  0.02
319,  0.02
320,  0.02
321,  0.02
322,  0.03
323,  0.03
324,  0.03
325,  0.03
326,  0.08
327,  0.12
328,  0.11
329,  0.02
330,  0.03
331,  0.03
332,  0.03
333,  0.02
334,  0.03
335,  0.03
336,  0.03
337,  0.04
338,  0.02
339,  0.02
340,  0.02
341,  0.02
342,  0.07
343,  0.02
344,  0.04
345,  0.12
346,  0.24
347,  0.18
348,  0.20
349,  0.20
350,  0.17
351,  0.18
352,  0.19
353,  0.18
354,  0.01
355,  0.00
356,  0.01
357,  0.01
358,  0.02
359,  0.02
360,  0.02
361,  0.02
362,  0.02
363,  0.02
364,  0.03
365,  0.01
366,  0.02
367,  0.01
368,  0.02
369,  0.02
370,  0.01
371,  0.06
372,  0.06
373,  0.01
374,  0.02
375,  0.01
376,  0.02
377,  0.04
378,  0.42
379,  0.14
380,  0.02
381,  0.01
382,  0.03
383,  0.14
384,  0.04
385,  0.07
386,  0.11
387,  0.06
388,  0.03
389,  0.04
390,  0.01
391,  0.02
392,  0.03
393,  0.01
394,  0.01
395,  0.02
396,  0.04
397,  0.02
398,  0.01
399,  0.03
400,  0.03
401,  0.11
402,  0.03
403,  0.05
404,  0.02
405,  0.05
406,  0.10
407,  0.17
408,  0.04
409,  0.01
410,  0.01
411,  0.02
412,  0.05
413,  0.15
414,  0.07
415,  0.05
416,  0.09
417,  0.11
418,  0.33
419,  0.29
420,  0.42
421,  0.61
422,  0.48
423,  0.00
424,  0.00
425,  0.00
426,  0.02
427,  0.03
428,  0.05
429,  0.13
430,  0.10
431,  0.00
432,  0.03
433,  0.06
434,  0.14
435,  0.08
436,  0.16
437,  0.12
438,  0.11
439,  0.19
440,  0.18
441,  0.07
442,  0.01
443,  0.01
444,  0.01
445,  0.01
446,  0.02
447,  0.02
448,  0.02
449,  0.07
450,  0.09
451,  0.10
452,  0.09
453,  0.13
454,  0.13
455,  0.17
456,  0.28
457,  0.14
458,  0.19
459,  0.15
460,  0.22
461,  0.11
462,  0.16
463,  0.19
464,  0.14
465,  0.24
466,  0.14
467,  0.11
468,  0.12
469,  0.17
470,  0.17
471,  0.16
472,  0.18
473,  0.48
474,  0.07
475,  0.05
476,  0.15
477,  0.25
478,  0.24
479,  0.21
480,  0.15
481,  0.22
482,  0.35
483,  0.09
484,  0.13
485,  0.09
486,  0.09
487,  0.38
488,  0.21
489,  0.22
490,  0.18
491,  0.16
492,  0.18
493,  0.17
494,  0.20
495,  0.14
496,  0.26
497,  0.20
498,  0.21
499,  0.25
500,  0.21
501,  0.23
502,  0.13
503,  0.23
504,  0.21
505,  0.36
506,  0.15
507,  0.21
508,  0.17
509,  0.16
510,  0.26
511,  0.13
512,  0.09
513,  0.23
514,  0.57
515,  0.39
516,  0.11
517,  0.39
518,  0.50
519,  0.83
520,  0.93
521,  0.66
522,  0.70
523,  0.32
524,  0.07
525,  0.03
526,  0.03
527,  0.00
528,  0.01
529,  0.01
530,  0.01
531,  0.01
532,  0.01
533,  0.02
534,  0.10
535,  0.06
536,  0.06
537,  0.05
538,  0.07
539,  0.09
540,  0.12
541,  0.10
542,  0.10
543,  0.12
544,  0.13
545,  0.14
546,  0.14
547,  0.10
548,  0.17
549,  0.21
550,  0.06
551,  0.03
552,  0.11
553,  0.15
554,  0.13
555,  0.10
556,  0.08
557,  0.09
558,  0.04
559,  0.12
560,  0.09
561,  0.05
562,  0.10
563,  0.05
564,  0.05
565,  0.04
566,  0.10
567,  0.06
568,  0.03
569,  0.08
570,  0.14
571,  0.08
572,  0.20
573,  0.14
574,  0.09
575,  0.13
576,  0.11
577,  0.18
578,  0.20
579,  0.21
580,  0.20
581,  0.18
582,  0.17
583,  0.18
584,  0.18
585,  0.19
586,  0.00
587,  0.02
588,  0.02
589,  0.05
590,  0.02
591,  0.06
592,  0.09
593,  0.11
594,  0.07
595,  0.07
596,  0.07
597,  0.24
598,  0.09
599,  0.06
600,  0.07
601,  0.09
602,  0.05
603,  0.11
604,  0.25
605,  0.15
606,  0.02
607,  0.04
608,  0.03
609,  0.08
610,  0.07
611,  0.05
612,  0.06
613,  0.06
614,  0.04
615,  0.05
616,  0.08
617,  0.06
618,  0.05
619,  0.08
620,  0.06
621,  0.07
622,  0.05
623,  0.08
624,  0.07
625,  0.04
626,  0.04
627,  0.05
628,  0.04
629,  0.03
630,  0.03
631,  0.03
632,  0.03
633,  0.05
634,  0.02
635,  0.04
636,  0.04
637,  0.02
638,  0.02
639,  0.02
640,  0.03
641,  0.04
642,  0.04
643,  0.04
644,  0.04
645,  0.03
646,  0.04
647,  0.03
648,  0.04
649,  0.02
650,  0.02
651,  0.04
652,  0.04
653,  0.03
654,  0.03
655,  0.04
656,  0.02
657,  0.03
658,  0.03
659,  0.04
660,  0.03
661,  0.04
662,  0.03
663,  0.04
664,  0.04
665,  0.04
666,  0.03
667,  0.02
668,  0.03
669,  0.04
670,  0.03
671,  0.07
672,  0.05
673,  0.02
674,  0.03
675,  0.02
676,  0.04
677,  0.05
678,  0.02
679,  0.04
680,  0.03
681,  0.04
682,  0.03
683,  0.02
684,  0.03
685,  0.03
686,  0.04
687,  0.03
688,  0.03
689,  0.03
690,  0.04
691,  0.03
692,  0.03
693,  0.03
694,  0.04
695,  0.04
696,  0.03
697,  0.04
698,  0.03
699,  0.03
700,  0.03
701,  0.03
702,  0.01
703,  0.04
704,  0.03
705,  0.02
706,  0.03
707,  0.03
708,  0.04
709,  0.03
710,  0.02
711,  0.02
712,  0.04
713,  0.03
714,  0.04
715,  0.04
716,  0.02
717,  0.02
718,  0.04
719,  0.02
720,  0.03
721,  0.02
722,  0.01
723,  0.03
724,  0.03
725,  0.03
726,  0.02
727,  0.03
728,  0.03
729,  0.03
730,  0.02
731,  0.04
732,  0.02
733,  0.03
734,  0.03
735,  0.03
736,  0.03
737,  0.02
738,  0.03
739,  0.02
740,  0.02
741,  0.03
742,  0.03
743,  0.02
744,  0.03
745,  0.02
746,  0.03
747,  0.02
748,  0.03
749,  0.03
750,  0.02
751,  0.02
752,  0.03
753,  0.02
754,  0.02
755,  0.03
756,  0.03
757,  0.03
758,  0.03
759,  0.02
760,  0.10
761,  0.03
762,  0.03
763,  0.02
764,  0.01
765,  0.02
766,  0.02
767,  0.02
768,  0.02
769,  0.02
770,  0.02
771,  0.02
772,  0.01
773,  0.02
774,  0.01
775,  0.02
776,  0.01
777,  0.01
778,  0.13
779,  0.02
780,  0.01
781,  0.01
782,  0.01
783,  0.01
784,  0.06
785,  0.08
786,  0.01
787,  0.01
788,  0.02
789,  0.02
790,  0.01
791,  0.01
792,  0.02
793,  0.01
794,  0.02
795,  0.03
796,  0.01
797,  0.03
798,  0.01
799,  0.02
800,  0.02
801,  0.01
802,  0.02
803,  0.01
804,  0.01
805,  0.01
806,  0.01
807,  0.03
808,  0.01
809,  0.01
810,  0.02
811,  0.01
812,  0.01
813,  0.02
814,  0.04
815,  0.02
816,  0.01
817,  0.01
818,  0.01
819,  0.01
820,  0.03
821,  0.02
822,  0.01
823,  0.01
824,  0.02
825,  0.01
826,  0.01
827,  0.01
828,  0.01
829,  0.01
830,  0.01
831,  0.01
832,  0.01
833,  0.01
834,  0.01
835,  0.00
836,  0.01
837,  0.01
838,  0.01
839,  0.01
840,  0.01
841,  0.01
842,  0.01
843,  0.01
844,  0.06
845,  0.01
846,  0.01
847,  0.01
848,  0.02
849,  0.02
850,  0.01
851,  0.01
852,  0.01
853,  0.01
854,  0.05
855,  0.12
856,  0.03
857,  0.01
858,  0.01
859,  0.01
860,  0.00
861,  0.01
862,  0.01
863,  0.01
864,  0.01
865,  0.01
866,  0.01
867,  0.01
868,  0.01
869,  0.07
870,  0.02
871,  0.01
872,  0.01
873,  0.01
874,  0.01
875,  0.01
876,  0.01
877,  0.01
878,  0.01
879,  0.01
880,  0.01
881,  0.01
882,  0.01
883,  0.01
884,  0.01
885,  0.01
886,  0.01
887,  0.01
888,  0.01
889,  0.01
890,  0.01
891,  0.01
892,  0.01
893,  0.01
894,  0.01
895,  0.01
896,  0.01
897,  0.01
898,  0.01
899,  0.01
900,  0.01
901,  0.01
902,  0.00
903,  0.00
904,  0.00
905,  0.00
906,  0.00
907,  0.00
908,  0.00
909,  0.00
910,  0.00
911,  0.00
912,  0.02
913,  0.01
914,  0.00
915,  0.00
916,  0.00
917,  0.00
918,  0.00
919,  0.00
920,  0.00
921,  0.00
922,  0.01
923,  0.00
924,  0.01
925,  0.00
926,  0.01
927,  0.01
928,  0.00
929,  0.00
930,  0.00
931,  0.00
932,  0.00
933,  0.00
934,  0.01
935,  0.01
936,  0.01
937,  0.01
938,  0.01
939,  0.00
940,  0.01
941,  0.00
942,  0.01
943,  0.01
944,  0.01
945,  0.00
946,  0.01
947,  0.01
948,  0.01
949,  0.01
950,  0.01
951,  0.01
952,  0.01
953,  0.01
954,  0.00
955,  0.01
956,  0.01
957,  0.01
958,  0.01
959,  0.01
960,  0.01
961,  0.01
962,  0.00
963,  0.01
964,  0.01
965,  0.00
966,  0.00
967,  0.01
968,  0.01
969,  0.01
970,  0.01
971,  0.01
972,  0.01
973,  0.01
974,  0.00
975,  0.00
976,  0.00
977,  0.00
978,  0.00
979,  0.00
980,  0.00
981,  0.00
982,  0.00
983,  0.00
984,  0.00
985,  0.01
986,  0.00
987,  0.01
988,  0.01
989,  0.01
990,  0.01
991,  0.01
992,  0.01
993,  0.01
994,  0.01
995,  0.01
996,  0.00
997,  0.01
998,  0.01
999,  0.00
1000,  0.01
1001,  0.00
1002,  0.00
1003,  0.01
1004,  0.01
1005,  0.01
1006,  0.00
1007,  0.00
1008,  0.00
1009,  0.00
1010,  0.00
1011,  0.01
1012,  0.00
1013,  0.00
1014,  0.00
1015,  0.00
1016,  0.00
1017,  0.00
1018,  0.00
1019,  0.00
1020,  0.00
1021,  0.00
1022,  0.00
1023,  0.00
1024,  0.00
1025,  0.01
1026,  0.00
1027,  0.00
1028,  0.00
1029,  0.00
1030,  0.00
1031,  0.01
1032,  0.00
1033,  0.00
1034,  0.01
1035,  0.00
1036,  0.00
1037,  0.00
1038,  0.00
1039,  0.00
1040,  0.01
1041,  0.01
1042,  0.01
1043,  0.00
1044,  0.00
1045,  0.00
1046,  0.01
1047,  0.01
1048,  0.00
1049,  0.00
1050,  0.00
1051,  0.00
1052,  0.00
1053,  0.00
1054,  0.00
1055,  0.00
1056,  0.00
1057,  0.00
1058,  0.01
1059,  0.00
1060,  0.00
1061,  0.00
1062,  0.00
1063,  0.00
1064,  0.00
1065,  0.00
1066,  0.00
1067,  0.00
1068,  0.00
1069,  0.00
1070,  0.00
1071,  0.00
1072,  0.00
1073,  0.00
1074,  0.00
1075,  0.00
1076,  0.00
1077,  0.00
1078,  0.00
1079,  0.00
1080,  0.01
1081,  0.00
1082,  0.00
1083,  0.00
1084,  0.00
1085,  0.00
1086,  0.00
1087,  0.00
1088,  0.00
1089,  0.00
1090,  0.00
1091,  0.00
1092,  0.00
1093,  0.00
1094,  0.00
1095,  0.00
1096,  0.00
1097,  0.01
1098,  0.00
1099,  0.00
1100,  0.00
1101,  0.00
1102,  0.00
1103,  0.00
1104,  0.00
1105,  0.00
1106,  0.00
1107,  0.00
1108,  0.00
1109,  0.00
1110,  0.00
1111,  0.00
1112,  0.00
1113,  0.00
1114,  0.00
1115,  0.00
1116,  0.00
1117,  0.00
1118,  0.00
1119,  0.00
1120,  0.00
1121,  0.00
1122,  0.00
1123,  0.00
1124,  0.00
1125,  0.00
1126,  0.00
1127,  0.00
1128,  0.00
1129,  0.00
1130,  0.00
1131,  0.00
1132,  0.00
1133,  0.30
1134,  0.37
1135,  0.31
1136,  0.59
1137,  0.89
1138,  0.86
1139,  0.92
1140,  0.91
1141,  0.94
1142,  0.92
1143,  0.93
1144,  0.92
1145,  0.93
1146,  0.91
1147,  0.87
1148,  0.90
1149,  0.89
1150,  0.70
1151,  0.24
1152,  0.82
1153,  0.25
1154,  0.00
1155,  0.00
1156,  0.00
1157,  0.00
1158,  0.00
1159,  0.00
1160,  0.00
1161,  0.00
1162,  0.00
1163,  0.00
1164,  0.00
1165,  0.00
1166,  0.00
1167,  0.00
1168,  0.00
1169,  0.00
1170,  0.01
1171,  0.01
1172,  0.01
1173,  0.05
1174,  0.23
1175,  0.44
1176,  0.31
1177,  0.31
1178,  0.72
1179,  0.69
1180,  0.71
1181,  0.64
1182,  0.61
1183,  0.75
1184,  0.79
1185,  0.72
1186,  0.83
1187,  0.45
1188,  0.45
1189,  0.33
1190,  0.31
1191,  0.62
1192,  0.39
1193,  0.27
1194,  0.28
1195,  0.31
1196,  0.26
1197,  0.14
1198,  0.06
1199,  0.03
1200,  0.04
1201,  0.38
1202,  0.01
1203,  0.00
1204,  0.00
1205,  0.00
1206,  0.00
1207,  0.00
1208,  0.00
1209,  0.00
1210,  0.00
1211,  0.00
1212,  0.00
1213,  0.00
1214,  0.00
1215,  0.00
1216,  0.00
1217,  0.00
1218,  0.00
1219,  0.00
1220,  0.00
1221,  0.00
1222,  0.00
1223,  0.00
1224,  0.00
1225,  0.00
1226,  0.00
1227,  0.00
1228,  0.00
1229,  0.00
1230,  0.00
1231,  0.00
1232,  0.00
1233,  0.00
1234,  0.00
1235,  0.00
1236,  0.00
1237,  0.00
1238,  0.00
1239,  0.00
1240,  0.00
1241,  0.00
1242,  0.00
1243,  0.00
1244,  0.00
1245,  0.00
1246,  0.00
1247,  0.00
1248,  0.00
1249,  0.00
1250,  0.00
1251,  0.00
1252,  0.00
1253,  0.00
1254,  0.00
1255,  0.00
1256,  0.00
1257,  0.00
1258,  0.00
1259,  0.00
1260,  0.00
1261,  0.00
1262,  0.00
1263,  0.00
1264,  0.00
1265,  0.00
1266,  0.00
1267,  0.00
1268,  0.00
1269,  0.00
1270,  0.00
1271,  0.00
1272,  0.00
1273,  0.00
1274,  0.00
1275,  0.00
1276,  0.00
1277,  0.00
1278,  0.00
1279,  0.00
1280,  0.00
1281,  0.00
1282,  0.00
1283,  0.00
1284,  0.00
1285,  0.00
1286,  0.00
1287,  0.00
1288,  0.00
1289,  0.00
1290,  0.00
1291,  0.00
1292,  0.00
1293,  0.00
1294,  0.00
1295,  0.00
1296,  0.00
1297,  0.00
1298,  0.00
1299,  0.00
1300,  0.00
1301,  0.00
1302,  0.00
1303,  0.00
1304,  0.00
1305,  0.00
1306,  0.00
1307,  0.00
1308,  0.00
1309,  0.00
1310,  0.00
1311,  0.00
1312,  0.00
1313,  0.29
1314,  0.41
1315,  0.33
1316,  0.26
1317,  0.26
1318,  0.29
1319,  0.24
1320,  0.30
1321,  0.23
1322,  0.27
1323,  0.27
1324,  0.32
1325,  0.24
1326,  0.36
1327,  0.43
1328,  0.49
1329,  0.60
1330,  0.63
1331,  0.81
1332,  0.89
1333,  0.92
1334,  0.91
1335,  0.89
1336,  0.90
1337,  0.67
1338,  0.00
1339,  0.00
1340,  0.00
1341,  0.00
1342,  0.00
1343,  0.00
1344,  0.00
1345,  0.00
1346,  0.00
1347,  0.00
1348,  0.00
1349,  0.00
1350,  0.00
1351,  0.00
1352,  0.00
1353,  0.00
1354,  0.00
1355,  0.00
1356,  0.00
1357,  0.00
1358,  0.00
1359,  0.00
1360,  0.00
1361,  0.00
1362,  0.00
1363,  0.00
1364,  0.00
1365,  0.25
1366,  0.49
1367,  0.76
1368,  0.72
1369,  0.73
1370,  0.77
1371,  0.73
1372,  0.53
1373,  0.20
1374,  0.00
1375,  0.00
1376,  0.28
1377,  0.56
1378,  0.58
1379,  0.43
1380,  0.41
1381,  0.88
1382,  0.46
1383,  0.44
1384,  0.68
1385,  0.57
1386,  0.56
1387,  0.55
1388,  0.30
1389,  0.13
1390,  0.25
1391,  0.22
1392,  0.18
1393,  0.22
1394,  0.48
1395,  0.90
1396,  0.89
1397,  0.91
1398,  0.87
1399,  0.89
1400,  0.90
1401,  0.86
1402,  0.93
1403,  0.93
1404,  0.89
1405,  0.82
1406,  0.87
1407,  0.90
1408,  0.95
1409,  0.93
1410,  0.93
1411,  0.87
1412,  0.85
1413,  0.85
1414,  0.78
1415,  0.71
1416,  0.96
1417,  0.95
1418,  0.92
1419,  0.90
1420,  0.95
1421,  0.92
1422,  0.94
1423,  0.87
1424,  0.82
1425,  0.88
1426,  0.83
1427,  0.88
1428,  0.91
1429,  0.86
1430,  0.95
1431,  0.89
1432,  0.97
1433,  0.98
1434,  0.97
1435,  0.95
1436,  0.97
1437,  0.97
1438,  0.95
1439,  0.71
1440,  0.24
1441,  0.02
1442,  0.01
1443,  0.02
1444,  0.01
1445,  0.03
1446,  0.41
1447,  0.62
1448,  0.45
1449,  0.48
1450,  0.49
1451,  0.30
1452,  0.34
1453,  0.26
1454,  0.37
1455,  0.35
1456,  0.58
1457,  0.13
1458,  0.35
1459,  0.30
1460,  0.42
1461,  0.50
1462,  0.55
1463,  0.61
1464,  0.53
1465,  0.64
1466,  0.72
1467,  0.72
1468,  0.70
1469,  0.59
1470,  0.52
1471,  0.47
1472,  0.62
1473,  0.67
1474,  0.72
1475,  0.69
1476,  0.71
1477,  0.71
1478,  0.70
1479,  0.73
1480,  0.71
1481,  0.47
1482,  0.00
1483,  0.02
1484,  0.00
1485,  0.00
1486,  0.00
1487,  0.00
1488,  0.00
1489,  0.00
1490,  0.00
1491,  0.00
1492,  0.00
1493,  0.00
1494,  0.00
1495,  0.00
1496,  0.00
1497,  0.00
1498,  0.00
1499,  0.00
1500,  0.00
1501,  0.00
1502,  0.00
1503,  0.00
1504,  0.00
1505,  0.00
1506,  0.00
1507,  0.00
1508,  0.00
1509,  0.00
1510,  0.00
1511,  0.00
1512,  0.00
1513,  0.00
1514,  0.00
1515,  0.00
1516,  0.00
1517,  0.00
1518,  0.00
1519,  0.00
1520,  0.00
1521,  0.00
1522,  0.00
1523,  0.00
1524,  0.00
1525,  0.00
1526,  0.00
1527,  0.00
1528,  0.00
1529,  0.00
1530,  0.00
1531,  0.00
1532,  0.00
1533,  0.00
1534,  0.00
1535,  0.00
1536,  0.00
1537,  0.00
1538,  0.00
1539,  0.00
1540,  0.00
1541,  0.00
1542,  0.00
1543,  0.00
1544,  0.00
1545,  0.00
1546,  0.00
1547,  0.00
1548,  0.00
1549,  0.00
1550,  0.00
1551,  0.00
1552,  0.00
1553,  0.00
1554,  0.00
1555,  0.00
1556,  0.00
1557,  0.00
1558,  0.00
1559,  0.00
1560,  0.00
1561,  0.00
1562,  0.00
1563,  0.00
1564,  0.00
1565,  0.00
1566,  0.00
1567,  0.00
1568,  0.00
1569,  0.00
1570,  0.00
1571,  0.00
1572,  0.00
1573,  0.00
1574,  0.00
1575,  0.00
1576,  0.00
1577,  0.00
1578,  0.00
1579,  0.00
1580,  0.00
1581,  0.00
1582,  0.00
1583,  0.00
1584,  0.00
1585,  0.00
1586,  0.00
1587,  0.00
1588,  0.00
1589,  0.00
1590,  0.00
1591,  0.00
1592,  0.00
1593,  0.00
1594,  0.00
1595,  0.00
1596,  0.00
1597,  0.00
1598,  0.00
1599,  0.00
1600,  0.00
1601,  0.00
1602,  0.00
1603,  0.00
1604,  0.00
1605,  0.00
1606,  0.00
1607,  0.00
1608,  0.00
1609,  0.00
1610,  0.00
1611,  0.00
1612,  0.00
1613,  0.00
1614,  0.00
1615,  0.00
1616,  0.00
1617,  0.00
1618,  0.00
1619,  0.00
1620,  0.00
1621,  0.00
1622,  0.00
1623,  0.00
1624,  0.00
1625,  0.00
1626,  0.00
1627,  0.00
1628,  0.00
1629,  0.00
1630,  0.00
1631,  0.00
1632,  0.00
1633,  0.00
1634,  0.00
1635,  0.00
1636,  0.00
1637,  0.00
1638,  0.00
1639,  0.00
1640,  0.00
1641,  0.00
1642,  0.00
1643,  0.00
1644,  0.00
1645,  0.00
1646,  0.00
1647,  0.00
1648,  0.00
1649,  0.00
1650,  0.00
1651,  0.00
1652,  0.00
1653,  0.00
1654,  0.00
1655,  0.00
1656,  0.00
1657,  0.00
1658,  0.00
1659,  0.00
1660,  0.00
1661,  0.00
1662,  0.00
1663,  0.00
1664,  0.00
1665,  0.00
1666,  0.00
1667,  0.00
1668,  0.00
1669,  0.00
1670,  0.00
1671,  0.00
1672,  0.00
1673,  0.00
1674,  0.00
1675,  0.00
1676,  0.00
1677,  0.00
1678,  0.00
1679,  0.00
1680,  0.00
1681,  0.00
1682,  0.00
1683,  0.00
1684,  0.00
1685,  0.00
1686,  0.00
1687,  0.00
1688,  0.00
1689,  0.16
1690,  0.25
1691,  0.23
1692,  0.26
1693,  0.18
1694,  0.13
1695,  0.15
1696,  0.12
1697,  0.10
1698,  0.11
1699,  0.14
1700,  0.17
1701,  0.22
1702,  0.43
1703,  0.42
1704,  0.55
1705,  0.43
1706,  0.40
1707,  0.29
1708,  0.25
1709,  0.16
1710,  0.18
1711,  0.31
1712,  0.37
1713,  0.33
1714,  0.18
1715,  0.14
1716,  0.13
1717,  0.05
1718,  0.07
1719,  0.08
1720,  0.07
1721,  0.40
1722,  0.37
1723,  0.20
1724,  0.19
1725,  0.29
1726,  0.33
1727,  0.25
1728,  0.15
1729,  0.17
1730,  0.19
1731,  0.20
1732,  0.15
1733,  0.15
1734,  0.17
1735,  0.16
1736,  0.20
1737,  0.17
1738,  0.15
1739,  0.15
1740,  0.14
1741,  0.15
1742,  0.19
1743,  0.18
1744,  0.15
1745,  0.12
1746,  0.10
1747,  0.09
1748,  0.09
1749,  0.10
1750,  0.08
1751,  0.07
1752,  0.05
1753,  0.06
1754,  0.05
1755,  0.02
1756,  0.02
1757,  0.04
1758,  0.03
1759,  0.01
1760,  0.01
1761,  0.00
1762,  0.00
1763,  0.00
1764,  0.00
1765,  0.00
1766,  0.00
1767,  0.00
1768,  0.00
1769,  0.00
1770,  0.00
1771,  0.00
1772,  0.00
1773,  0.00
1774,  0.00
1775,  0.00
1776,  0.00
1777,  0.00
1778,  0.00
1779,  0.00
1780,  0.00
1781,  0.00
1782,  0.00
1783,  0.00
1784,  0.00
1785,  0.00
1786,  0.00
1787,  0.00
1788,  0.00
1789,  0.00
1790,  0.01
1791,  0.05
1792,  0.01
1793,  0.01
1794,  0.03
1795,  0.10
1796,  0.19
1797,  0.23
1798,  0.27
1799,  0.21
1800,  0.23
1801,  0.20
1802,  0.13
1803,  0.03
1804,  0.06
1805,  0.27
1806,  0.24
1807,  0.02
1808,  0.01
1809,  0.34
1810,  0.24
1811,  0.10
1812,  0.32
1813,  0.43
1814,  0.46
1815,  0.32
1816,  0.17
1817,  0.15
1818,  0.38
1819,  0.36
1820,  0.36
1821,  0.58
1822,  0.66
1823,  0.67
1824,  0.57
1825,  0.65
1826,  0.67
1827,  0.67
1828,  0.64
1829,  0.75
1830,  0.74
1831,  0.73
1832,  0.80
1833,  0.80
1834,  0.75
1835,  0.80
1836,  0.72
1837,  0.80
1838,  0.70
1839,  0.70
1840,  0.75
1841,  0.73
1842,  0.73
1843,  0.70
1844,  0.71
1845,  0.69
1846,  0.71
1847,  0.66
1848,  0.55
1849,  0.63
1850,  0.54
1851,  0.51
1852,  0.31
1853,  0.32
1854,  0.41
1855,  0.65
1856,  0.64
1857,  0.64
1858,  0.69
1859,  0.77
1860,  0.76
1861,  0.77
1862,  0.67
1863,  0.62
1864,  0.77
1865,  0.78
1866,  0.70
1867,  0.87
1868,  0.81
1869,  0.80
1870,  0.76
1871,  0.42
1872,  0.16
1873,  0.05
1874,  0.37
1875,  0.40
1876,  0.07
1877,  0.67
1878,  0.17
1879,  0.33
1880,  0.34
1881,  0.61
1882,  0.65
1883,  0.66
1884,  0.68
1885,  0.70
1886,  0.64
1887,  0.59
1888,  0.72
1889,  0.65
1890,  0.49
1891,  0.60
1892,  0.79
1893,  0.74
1894,  0.73
1895,  0.57
1896,  0.57
1897,  0.67
1898,  0.68
1899,  0.67
1900,  0.69
1901,  0.69
1902,  0.75
1903,  0.83
1904,  0.82
1905,  0.87
1906,  0.79
1907,  0.79
1908,  0.81
1909,  0.80
1910,  0.85
1911,  0.83
1912,  0.81
1913,  0.85
1914,  0.84
1915,  0.50
1916,  0.60
1917,  0.68
1918,  0.60
1919,  0.54
1920,  0.60
1921,  0.86
1922,  0.75
1923,  0.62
1924,  0.74
1925,  0.85
1926,  0.82
1927,  0.72
1928,  0.50
1929,  0.79
1930,  0.80
1931,  0.72
1932,  0.54
1933,  0.51
1934,  0.48
1935,  0.51
1936,  0.60
1937,  0.54
1938,  0.28
1939,  0.33
1940,  0.70
1941,  0.71
1942,  0.68
1943,  0.71
1944,  0.69
1945,  0.75
1946,  0.69
1947,  0.68
1948,  0.70
1949,  0.76
1950,  0.72
1951,  0.57
1952,  0.76
1953,  0.77
1954,  0.76
1955,  0.80
1956,  0.81
1957,  0.78
1958,  0.59
1959,  0.78
1960,  0.80
1961,  0.82
1962,  0.77
1963,  0.75
1964,  0.73
1965,  0.58
1966,  0.27
1967,  0.57
1968,  0.75
1969,  0.78
1970,  0.73
1971,  0.76
1972,  0.73
1973,  0.74
1974,  0.44
1975,  0.67
1976,  0.78
1977,  0.77
1978,  0.45
1979,  0.45
1980,  0.38
1981,  0.44
1982,  0.41
1983,  0.38
1984,  0.60
1985,  0.69
1986,  0.85
1987,  0.69
1988,  0.89
1989,  0.89
1990,  0.55
1991,  0.15
1992,  0.06
1993,  0.06
1994,  0.33
1995,  0.59
1996,  0.69
1997,  0.63
1998,  0.63
1999,  0.39
2000,  0.38
2001,  0.57
2002,  0.75
2003,  0.89
2004,  0.89
2005,  0.90
2006,  0.89
2007,  0.89
2008,  0.80
2009,  0.82
2010,  0.87
2011,  0.87
2012,  0.71
2013,  0.31
2014,  0.28
2015,  0.32
2016,  0.41
2017,  0.63
2018,  0.81
2019,  0.50
2020,  0.91
2021,  0.95
2022,  0.91
2023,  0.71
2024,  0.22
2025,  0.44
2026,  0.51
2027,  0.54
2028,  0.20
2029,  0.31
2030,  0.24
2031,  0.19
2032,  0.35
2033,  0.54
2034,  0.80
2035,  0.84
2036,  0.85
2037,  0.89
2038,  0.87
2039,  0.48
2040,  0.60
2041,  0.26
2042,  0.48
2043,  0.27
2044,  0.57
2045,  0.35
2046,  0.37
2047,  0.61
2048,  0.61
2049,  0.28
2050,  0.54
2051,  0.40
2052,  0.33
2053,  0.33
2054,  0.38
2055,  0.50
2056,  0.59
2057,  0.54
2058,  0.64
2059,  0.69
2060,  0.79
2061,  0.76
2062,  0.86
2063,  0.85
2064,  0.82
2065,  0.79
2066,  0.83
2067,  0.85
2068,  0.85
2069,  0.61
2070,  0.45
2071,  0.50
2072,  0.58
2073,  0.73
2074,  0.85
2075,  0.85
2076,  0.61
2077,  0.52
2078,  0.51
2079,  0.70
2080,  0.81
2081,  0.89
2082,  0.86
2083,  0.87
2084,  0.85
2085,  0.83
2086,  0.83
2087,  0.87
2088,  0.85
2089,  0.83
2090,  0.82
2091,  0.86
2092,  0.49
2093,  0.64
2094,  0.93
2095,  0.82
2096,  0.84
2097,  0.86
2098,  0.89
2099,  0.91
2100,  0.86
2101,  0.79
2102,  0.88
2103,  0.90
2104,  0.80
2105,  0.80
2106,  0.73
2107,  0.39
2108,  0.73
2109,  0.93
2110,  0.90
2111,  0.87
2112,  0.87
2113,  0.85
2114,  0.77
2115,  0.35
2116,  0.77
2117,  0.91
2118,  0.92
2119,  0.87
2120,  0.76
2121,  0.90
2122,  0.56
2123,  0.55
2124,  0.91
2125,  0.89
2126,  0.93
2127,  0.78
2128,  0.90
2129,  0.79
2130,  0.54
2131,  0.94
2132,  0.94
2133,  0.94
2134,  0.90
2135,  0.88
2136,  0.93
2137,  0.93
2138,  0.89
2139,  0.88
2140,  0.80
2141,  0.93
2142,  0.69
2143,  0.39
2144,  0.23
2145,  0.18
2146,  0.36
2147,  0.37
2148,  0.35
2149,  0.33
2150,  0.19
2151,  0.40
2152,  0.52
2153,  0.84
2154,  0.91
2155,  0.93
2156,  0.90
2157,  0.72
2158,  0.91
2159,  0.81
2160,  0.81
2161,  0.83
2162,  0.73
2163,  0.74
2164,  0.69
2165,  0.68
2166,  0.44
2167,  0.05
2168,  0.03
2169,  0.27
2170,  0.62
2171,  0.66
2172,  0.76
2173,  0.03
2174,  0.69
2175,  0.88
2176,  0.85
2177,  0.87
2178,  0.89
2179,  0.89
2180,  0.87
2181,  0.88
2182,  0.81
2183,  0.69
2184,  0.40
2185,  0.76
2186,  0.88
2187,  0.92
2188,  0.85
2189,  0.93
2190,  0.92
2191,  0.94
2192,  0.92
2193,  0.90
2194,  0.90
2195,  0.93
2196,  0.89
2197,  0.91
2198,  0.71
2199,  0.63
2200,  0.83
2201,  0.89
2202,  0.87
2203,  0.87
2204,  0.87
2205,  0.91
2206,  0.89
2207,  0.89
2208,  0.89
2209,  0.62
2210,  0.90
2211,  0.88
2212,  0.88
2213,  0.87
2214,  0.85
2215,  0.77
2216,  0.73
2217,  0.70
2218,  0.89
2219,  0.90
2220,  0.88
2221,  0.85
2222,  0.78
2223,  0.59
2224,  0.58
2225,  0.79
2226,  0.76
2227,  0.75
2228,  0.72
2229,  0.69
2230,  0.67
2231,  0.63
2232,  0.67
2233,  0.38
2234,  0.70
2235,  0.82
2236,  0.76
2237,  0.71
2238,  0.72
2239,  0.71
2240,  0.70
2241,  0.63
2242,  0.59
2243,  0.65
2244,  0.70
2245,  0.53
2246,  0.70
2247,  0.79
2248,  0.77
2249,  0.77
2250,  0.80
2251,  0.79
2252,  0.76
2253,  0.77
2254,  0.75
2255,  0.78
2256,  0.78
2257,  0.74
2258,  0.72
2259,  0.76
2260,  0.79
2261,  0.82
2262,  0.83
2263,  0.79
2264,  0.75
2265,  0.71
2266,  0.77
2267,  0.78
2268,  0.77
2269,  0.74
2270,  0.69
2271,  0.73
2272,  0.75
2273,  0.76
2274,  0.72
2275,  0.76
2276,  0.70
2277,  0.71
2278,  0.74
2279,  0.73
2280,  0.74
2281,  0.71
2282,  0.71
2283,  0.70
2284,  0.70
2285,  0.67
2286,  0.68
2287,  0.59
2288,  0.71
2289,  0.43
2290,  0.58
2291,  0.65
2292,  0.80
2293,  0.71
2294,  0.75
2295,  0.75
2296,  0.72
2297,  0.87
2298,  0.47
2299,  0.44
2300,  0.47
2301,  0.58
2302,  0.63
2303,  0.46
2304,  0.53
2305,  0.55
2306,  0.40
2307,  0.76
2308,  0.76
2309,  0.75
2310,  0.74
2311,  0.68
2312,  0.72
2313,  0.69
2314,  0.70
2315,  0.88
2316,  0.83
2317,  0.80
2318,  0.78
2319,  0.75
2320,  0.71
2321,  0.73
2322,  0.68
2323,  0.72
2324,  0.64
2325,  0.74
2326,  0.73
2327,  0.69
2328,  0.59
2329,  0.52
2330,  0.52
2331,  0.48
2332,  0.04
2333,  0.06
2334,  0.46
2335,  0.47
2336,  0.54
2337,  0.65
2338,  0.61
2339,  0.58
2340,  0.53
2341,  0.53
2342,  0.39
2343,  0.52
2344,  0.72
2345,  0.66
2346,  0.76
2347,  0.80
2348,  0.75
2349,  0.80
2350,  0.78
2351,  0.76
2352,  0.73
2353,  0.74
2354,  0.66
2355,  0.71
2356,  0.59
2357,  0.21
2358,  0.59
2359,  0.85
2360,  0.87
2361,  0.89
2362,  0.92
2363,  0.90
2364,  0.89
2365,  0.88
2366,  0.83
2367,  0.85
2368,  0.79
2369,  0.85
2370,  0.76
2371,  0.81
2372,  0.80
2373,  0.75
2374,  0.76
2375,  0.45
2376,  0.02
2377,  0.01
2378,  0.00
2379,  0.00
2380,  0.00
2381,  0.24
2382,  0.69
2383,  0.63
2384,  0.70
2385,  0.77
2386,  0.83
2387,  0.84
2388,  0.87
2389,  0.66
2390,  0.38
2391,  0.81
2392,  0.43
2393,  0.41
2394,  0.70
2395,  0.84
2396,  0.84
2397,  0.90
2398,  0.92
2399,  0.94
2400,  0.94
2401,  0.88
2402,  0.85
2403,  0.92
2404,  0.93
2405,  0.94
2406,  0.93
2407,  0.84
2408,  0.73
2409,  0.93
2410,  0.94
2411,  0.92
2412,  0.91
2413,  0.89
2414,  0.95
2415,  0.95
2416,  0.93
2417,  0.90
2418,  0.91
2419,  0.92
2420,  0.90
2421,  0.88
2422,  0.92
2423,  0.96
2424,  0.94
2425,  0.95
2426,  0.92
2427,  0.91
2428,  0.84
2429,  0.91
2430,  0.85
2431,  0.89
2432,  0.91
2433,  0.89
2434,  0.89
2435,  0.83
2436,  0.84
2437,  0.82
2438,  0.79
2439,  0.84
2440,  0.85
2441,  0.76
2442,  0.88
2443,  0.84
2444,  0.91
2445,  0.77
2446,  0.78
2447,  0.74
2448,  0.75
2449,  0.84
2450,  0.69
2451,  0.71
2452,  0.72
2453,  0.78
2454,  0.72
2455,  0.78
2456,  0.73
2457,  0.77
2458,  0.80
2459,  0.81
2460,  0.75
2461,  0.84
2462,  0.80
2463,  0.84
2464,  0.85
2465,  0.92
2466,  0.85
2467,  0.83
2468,  0.86
2469,  0.87
2470,  0.83
2471,  0.85
2472,  0.75
2473,  0.82
2474,  0.75
2475,  0.78
2476,  0.79
2477,  0.27
2478,  0.44
2479,  0.71
2480,  0.73
2481,  0.74
2482,  0.71
2483,  0.81
2484,  0.87
2485,  0.84
2486,  0.83
2487,  0.79
2488,  0.77
2489,  0.77
2490,  0.76
2491,  0.77
2492,  0.64
2493,  0.75
2494,  0.78
2495,  0.75
2496,  0.81
2497,  0.68
2498,  0.58
2499,  0.04
2500,  0.00
2501,  0.18
2502,  0.94
2503,  0.90
2504,  0.94
2505,  0.96
2506,  0.96
2507,  0.95
2508,  0.93
2509,  0.93
2510,  0.87
2511,  0.79
2512,  0.92
2513,  0.81
2514,  0.76
2515,  0.78
2516,  0.78
2517,  0.71
2518,  0.78
2519,  0.79
2520,  0.77
2521,  0.76
2522,  0.72
2523,  0.79
2524,  0.80
2525,  0.71
2526,  0.76
2527,  0.77
2528,  0.75
2529,  0.75
2530,  0.74
2531,  0.71
2532,  0.78
2533,  0.76
2534,  0.72
2535,  0.91
2536,  0.85
2537,  0.78
2538,  0.60
2539,  0.24
2540,  0.45
2541,  0.81
2542,  0.78
2543,  0.80
2544,  0.80
2545,  0.72
2546,  0.79
2547,  0.77
2548,  0.80
2549,  0.83
2550,  0.85
2551,  0.82
2552,  0.79
2553,  0.82
2554,  0.77
2555,  0.53
2556,  0.43
2557,  0.62
2558,  0.32
2559,  0.44
2560,  0.32
2561,  0.05
2562,  0.38
2563,  0.34
2564,  0.21
2565,  0.21
2566,  0.33
2567,  0.35
2568,  0.33
2569,  0.44
2570,  0.45
2571,  0.60
2572,  0.64
2573,  0.70
2574,  0.55
2575,  0.34
2576,  0.67
2577,  0.69
2578,  0.78
2579,  0.82
2580,  0.75
2581,  0.82
2582,  0.83
2583,  0.83
2584,  0.79
2585,  0.84
2586,  0.78
2587,  0.79
2588,  0.78
2589,  0.75
2590,  0.60
2591,  0.87
2592,  0.84
2593,  0.79
2594,  0.76
2595,  0.77
2596,  0.78
2597,  0.79
2598,  0.87
2599,  0.84
2600,  0.82
2601,  0.80
2602,  0.82
2603,  0.78
2604,  0.80
2605,  0.74
2606,  0.74
2607,  0.73
2608,  0.79
2609,  0.64
2610,  0.53
2611,  0.82
2612,  0.83
2613,  0.80
2614,  0.79
2615,  0.78
2616,  0.76
2617,  0.73
2618,  0.69
2619,  0.67
2620,  0.74
2621,  0.57
2622,  0.67
2623,  0.77
2624,  0.74
2625,  0.75
2626,  0.75
2627,  0.75
2628,  0.76
2629,  0.77
2630,  0.73
2631,  0.77
2632,  0.77
2633,  0.64
2634,  0.77
2635,  0.81
2636,  0.78
2637,  0.76
2638,  0.82
2639,  0.80
2640,  0.79
2641,  0.79
2642,  0.81
2643,  0.79
2644,  0.83
2645,  0.72
2646,  0.81
2647,  0.76
2648,  0.73
2649,  0.13
2650,  0.41
2651,  0.69
2652,  0.74
2653,  0.75
2654,  0.75
2655,  0.59
2656,  0.46
2657,  0.48
2658,  0.42
2659,  0.95
2660,  0.99
2661,  0.98
2662,  0.99
2663,  0.99
2664,  1.00
2665,  0.61
2666,  0.00
2667,  0.00
2668,  0.00
2669,  0.00
2670,  0.00
2671,  0.00
2672,  0.00
2673,  0.00
2674,  0.00
2675,  0.00
2676,  0.00
2677,  0.00
2678,  0.00
2679,  0.00
2680,  0.00
2681,  0.00
2682,  0.00
2683,  0.00
2684,  0.00
2685,  0.00
2686,  0.00
2687,  0.00
2688,  0.00
2689,  0.00
2690,  0.00
2691,  0.00
2692,  0.00
2693,  0.00
2694,  0.11
2695,  0.49
2696,  0.95
2697,  0.53
2698,  0.57
2699,  0.58
2700,  0.61
2701,  0.84
2702,  0.89
2703,  0.95
2704,  0.88
2705,  0.90
2706,  0.87
2707,  0.94
2708,  0.79
2709,  0.45
2710,  0.33
2711,  0.58
2712,  0.42
2713,  0.28
2714,  0.17
2715,  0.10
2716,  0.08
2717,  0.05
2718,  0.00
2719,  0.00
2720,  0.00
2721,  0.00
2722,  0.00
2723,  0.00
2724,  0.00
2725,  0.00
2726,  0.00
2727,  0.00
2728,  0.00
2729,  0.00
2730,  0.00
2731,  0.00
2732,  0.00
2733,  0.16
2734,  0.61
2735,  0.69
2736,  0.71
2737,  0.68
2738,  0.72
2739,  0.71
2740,  0.82
2741,  0.81
2742,  0.78
2743,  0.69
2744,  0.71
2745,  0.74
2746,  0.67
2747,  0.71
2748,  0.72
2749,  0.73
2750,  0.71
2751,  0.56
2752,  0.55
2753,  0.68
2754,  0.75
2755,  0.71
2756,  0.77
2757,  0.79
2758,  0.56
2759,  0.19
2760,  0.00
2761,  0.17
2762,  0.26
2763,  0.59
2764,  0.57
2765,  0.63
2766,  0.65
2767,  0.55
2768,  0.52
2769,  0.60
2770,  0.71
2771,  0.68
2772,  0.63
2773,  0.72
2774,  0.62
2775,  0.61
2776,  0.65
2777,  0.72
2778,  0.67
2779,  0.66
2780,  0.70
2781,  0.72
2782,  0.70
2783,  0.69
2784,  0.74
2785,  0.73
2786,  0.67
2787,  0.70
2788,  0.68
2789,  0.72
2790,  0.77
2791,  0.75
2792,  0.76
2793,  0.74
2794,  0.69
2795,  0.67
2796,  0.71
2797,  0.67
2798,  0.80
2799,  0.77
2800,  0.70
2801,  0.75
2802,  0.82
2803,  0.74
2804,  0.60
2805,  0.60
2806,  0.59
2807,  0.36
2808,  0.35
2809,  0.44
2810,  0.39
2811,  0.29
2812,  0.36
2813,  0.54
2814,  0.34
2815,  0.52
2816,  0.00
2817,  0.00
2818,  0.11
2819,  0.15
2820,  0.04
2821,  0.26
2822,  0.47
2823,  0.56
2824,  0.66
2825,  0.69
2826,  0.72
2827,  0.71
2828,  0.75
2829,  0.73
2830,  0.68
2831,  0.71
2832,  0.71
2833,  0.65
2834,  0.72
2835,  0.72
2836,  0.76
2837,  0.71
2838,  0.46
2839,  0.23
2840,  0.10
2841,  0.15
2842,  0.23
2843,  0.47
2844,  0.67
2845,  0.59
2846,  0.79
2847,  0.80
2848,  0.80
2849,  0.82
2850,  0.80
2851,  0.84
2852,  0.81
2853,  0.76
2854,  0.79
2855,  0.80
2856,  0.79
2857,  0.76
2858,  0.75
2859,  0.76
2860,  0.78
2861,  0.79
2862,  0.75
2863,  0.72
2864,  0.71
2865,  0.64
2866,  0.63
2867,  0.12
2868,  0.00
2869,  0.05
2870,  0.40
2871,  0.68
2872,  0.78
2873,  0.68
2874,  0.94
2875,  0.99
2876,  0.92
2877,  0.91
2878,  0.66
2879,  0.01
2880,  0.00
2881,  0.03
2882,  0.20
2883,  0.58
2884,  0.04
2885,  0.00
2886,  0.01
2887,  0.15
2888,  0.64
2889,  0.56
2890,  0.17
2891,  0.28
2892,  0.68
2893,  0.68
2894,  0.66
2895,  0.58
2896,  0.51
2897,  0.35
2898,  0.56
2899,  0.84
2900,  0.82
2901,  0.78
2902,  0.82
2903,  0.82
2904,  0.81
2905,  0.78
2906,  0.80
2907,  0.81
2908,  0.83
2909,  0.80
2910,  0.80
2911,  0.77
2912,  0.79
2913,  0.80
2914,  0.69
2915,  0.69
2916,  0.91
2917,  0.38
2918,  0.33
2919,  0.16
2920,  0.11
2921,  0.03
2922,  0.00
2923,  0.00
2924,  0.03
2925,  0.03
2926,  0.29
2927,  0.30
2928,  0.05
2929,  0.05
2930,  0.03
2931,  0.51
2932,  0.37
2933,  0.50
2934,  0.65
2935,  0.64
2936,  0.59
2937,  0.73
2938,  0.33
2939,  0.50
2940,  0.55
2941,  0.46
2942,  0.59
2943,  0.70
2944,  0.74
2945,  0.68
2946,  0.75
2947,  0.71
2948,  0.83
2949,  0.75
2950,  0.80
2951,  0.52
2952,  0.55
2953,  0.70
2954,  0.64
2955,  0.24
2956,  0.47
2957,  0.90
2958,  0.87
2959,  0.76
2960,  0.74
2961,  0.66
2962,  0.31
2963,  0.63
2964,  0.65
2965,  0.42
2966,  0.02
2967,  0.03
2968,  0.03
2969,  0.01
2970,  0.00
2971,  0.03
2972,  0.01
2973,  0.03
2974,  0.08
2975,  0.07
2976,  0.00
2977,  0.00
2978,  0.00
2979,  0.00
2980,  0.00
2981,  0.00
2982,  0.01
2983,  0.10
2984,  0.02
2985,  0.00
2986,  0.00
2987,  0.00
2988,  0.01
2989,  0.02
2990,  0.06
2991,  0.04
2992,  0.01
2993,  0.00
2994,  0.01
2995,  0.01
2996,  0.02
2997,  0.03
2998,  0.02
2999,  0.04
3000,  0.08
3001,  0.02
3002,  0.02
3003,  0.16
3004,  0.32
3005,  0.18
3006,  0.11
3007,  0.08
3008,  0.03
3009,  0.02
3010,  0.11
3011,  0.10
3012,  0.03
3013,  0.14
3014,  0.31
3015,  0.31
3016,  0.38
3017,  0.27
3018,  0.11
3019,  0.06
3020,  0.02
3021,  0.02
3022,  0.04
3023,  0.10
3024,  0.07
3025,  0.01
3026,  0.02
3027,  0.01
3028,  0.01
3029,  0.12
3030,  0.06
3031,  0.28
3032,  0.07
3033,  0.20
3034,  0.23
3035,  0.18
3036,  0.19
3037,  0.28
3038,  0.48
3039,  0.54
3040,  0.73
3041,  0.58
3042,  0.49
3043,  0.53
3044,  0.47
3045,  0.73
3046,  0.82
3047,  0.79
3048,  0.81
3049,  0.86
3050,  0.86
3051,  0.84
3052,  0.89
3053,  0.90
3054,  0.91
3055,  0.92
3056,  0.92
3057,  0.91
3058,  0.92
3059,  0.92
3060,  0.90
3061,  0.89
3062,  0.91
3063,  0.92
3064,  0.89
3065,  0.90
3066,  0.89
3067,  0.92
3068,  0.90
3069,  0.90
3070,  0.89
3071,  0.92
3072,  0.92
3073,  0.92
3074,  0.92
3075,  0.78
3076,  0.26
3077,  0.49
3078,  0.54
3079,  0.81
3080,  0.83
3081,  0.96
3082,  0.95
3083,  0.94
3084,  0.95
3085,  0.94
3086,  0.93
3087,  0.93
3088,  0.83
3089,  0.45
3090,  0.47
3091,  0.43
3092,  0.43
3093,  0.29
3094,  0.64
3095,  0.42
3096,  0.38
3097,  0.25
3098,  0.22
3099,  0.63
3100,  0.70
3101,  0.82
3102,  0.86
3103,  0.90
3104,  0.92
3105,  0.94
3106,  0.93
3107,  0.93
3108,  0.92
3109,  0.92
3110,  0.92
3111,  0.93
3112,  0.91
3113,  0.91
3114,  0.94
3115,  0.93
3116,  0.93
3117,  0.94
3118,  0.64
3119,  0.45
3120,  0.73
3121,  0.95
3122,  0.97
3123,  0.96
3124,  0.95
3125,  0.96
3126,  0.96
3127,  0.95
3128,  0.94
3129,  0.94
3130,  0.95
3131,  0.95
3132,  0.94
3133,  0.94
3134,  0.94
3135,  0.96
3136,  0.96
3137,  0.95
3138,  0.95
3139,  0.95
3140,  0.94
3141,  0.94
3142,  0.94
3143,  0.93
3144,  0.93
3145,  0.93
3146,  0.93
3147,  0.94
3148,  0.92
3149,  0.93
3150,  0.93
3151,  0.93
3152,  0.94
3153,  0.94
3154,  0.93
3155,  0.93
3156,  0.94
3157,  0.95
3158,  0.93
3159,  0.75
3160,  0.33
3161,  0.41
3162,  0.37
3163,  0.25
3164,  0.11
3165,  0.05
3166,  0.06
3167,  0.20
3168,  0.28
3169,  0.35
3170,  0.97
3171,  0.95
3172,  0.96
3173,  0.95
3174,  0.95
3175,  0.95
3176,  0.94
3177,  0.95
3178,  0.95
3179,  0.95
3180,  0.93
3181,  0.95
3182,  0.92
3183,  0.35
3184,  0.28
3185,  0.25
3186,  0.19
3187,  0.42
3188,  0.43
3189,  0.44
3190,  0.05
3191,  0.18
3192,  0.17
3193,  0.19
3194,  0.40
3195,  0.96
3196,  0.96
3197,  0.95
3198,  0.95
3199,  0.95
3200,  0.95
3201,  0.95
3202,  0.95
3203,  0.95
3204,  0.95
3205,  0.95
3206,  0.95
3207,  0.96
3208,  0.94
3209,  0.93
3210,  0.94
3211,  0.95
3212,  0.94
3213,  0.95
3214,  0.95
3215,  0.31
3216,  0.33
3217,  0.45
3218,  0.36
3219,  0.06
3220,  0.11
3221,  0.35
3222,  0.47
3223,  0.60
3224,  0.54
3225,  0.30
3226,  0.21
3227,  0.06
3228,  0.09
3229,  0.19
3230,  0.20
3231,  0.14
3232,  0.41
3233,  0.08
3234,  0.51
3235,  0.70
3236,  0.62
3237,  0.39
3238,  0.28
3239,  0.23
3240,  0.33
3241,  0.21
3242,  0.34
3243,  0.14
3244,  0.05
3245,  0.06
3246,  0.12
3247,  0.09
3248,  0.15
3249,  0.09
3250,  0.09
3251,  0.22
3252,  0.33
3253,  0.01
3254,  0.06
3255,  0.08
3256,  0.14
3257,  0.09
3258,  0.08
3259,  0.20
3260,  0.14
3261,  0.18
3262,  0.16
3263,  0.12
3264,  0.08
3265,  0.15
3266,  0.15
3267,  0.14
3268,  0.11
3269,  0.10
3270,  0.31
3271,  0.14
3272,  0.11
3273,  0.13
3274,  0.21
3275,  0.09
3276,  0.07
3277,  0.11
3278,  0.09
3279,  0.08
3280,  0.13
3281,  0.13
3282,  0.21
3283,  0.10
3284,  0.06
3285,  0.09
3286,  0.10
3287,  0.09
3288,  0.18
3289,  0.41
3290,  0.25
3291,  0.03
3292,  0.02
3293,  0.00
3294,  0.00
3295,  0.00
3296,  0.01
3297,  0.03
3298,  0.02
3299,  0.15
3300,  0.89
3301,  0.93
3302,  0.74
3303,  0.70
3304,  0.92
3305,  0.81
3306,  0.79
3307,  0.93
3308,  0.99
3309,  0.99
3310,  0.99
3311,  0.99
3312,  0.99
3313,  0.97
3314,  0.97
3315,  0.97
3316,  0.97
3317,  0.98
3318,  0.98
3319,  0.97
3320,  0.97
3321,  0.97
3322,  0.94
3323,  0.91
3324,  0.94
3325,  0.93
3326,  0.92
3327,  0.93
3328,  0.94
3329,  0.98
3330,  0.97
3331,  0.96
3332,  0.99
3333,  0.99
3334,  0.99
3335,  0.95
3336,  0.99
3337,  0.99
3338,  0.39
3339,  0.72
3340,  0.94
3341,  0.99
3342,  0.98
3343,  0.99
3344,  0.97
3345,  0.99
3346,  0.98
3347,  0.99
3348,  0.98
3349,  0.37
3350,  0.05
3351,  0.39
3352,  0.47
3353,  0.19
3354,  0.36
3355,  0.10
3356,  0.29
3357,  0.64
3358,  0.36
3359,  0.31
3360,  0.37
3361,  0.48
3362,  0.58
3363,  0.95
3364,  0.99
3365,  0.97
3366,  0.96
3367,  0.97
3368,  0.97
3369,  0.97
3370,  0.78
3371,  0.10
3372,  0.21
3373,  0.59
3374,  0.94
3375,  0.99
3376,  0.87
3377,  0.74
3378,  0.94
3379,  0.97
3380,  0.98
3381,  0.98
3382,  0.96
3383,  0.95
3384,  0.95
3385,  0.96
3386,  0.97
3387,  0.96
3388,  0.97
3389,  0.96
3390,  0.95
3391,  0.97
3392,  0.97
3393,  0.98
3394,  0.52
3395,  0.41
3396,  0.39
3397,  0.36
3398,  0.09
3399,  0.26
3400,  0.37
3401,  0.93
3402,  0.93
3403,  0.99
3404,  0.99
3405,  0.97
3406,  0.98
3407,  0.98
3408,  0.98
3409,  0.98
3410,  0.98
3411,  0.98
3412,  0.98
3413,  0.89
3414,  0.97
3415,  0.98
3416,  0.98
3417,  0.98
3418,  0.98
3419,  0.98
3420,  0.99
3421,  0.98
3422,  0.98
3423,  0.98
3424,  0.86
3425,  0.20
3426,  0.09
3427,  0.08
3428,  0.15
3429,  0.11
3430,  0.09
3431,  0.34
3432,  0.41
3433,  0.36
3434,  0.56
3435,  0.99
3436,  1.00
3437,  0.99
3438,  0.99
3439,  0.98
3440,  0.99
3441,  0.98
3442,  0.98
3443,  0.98
3444,  0.98
3445,  0.98
3446,  0.98
3447,  0.86
3448,  0.28
3449,  0.56
3450,  0.77
3451,  0.88
3452,  0.96
3453,  0.99
3454,  0.99
3455,  0.99
3456,  0.99
3457,  0.99
3458,  0.99
3459,  0.99
3460,  0.99
3461,  0.99
3462,  0.99
3463,  0.99
3464,  0.98
3465,  0.95
3466,  0.98
3467,  0.98
3468,  0.98
3469,  0.99
3470,  0.98
3471,  0.99
3472,  0.99
3473,  0.99
3474,  0.98
3475,  0.98
3476,  0.99
3477,  0.99
3478,  0.99
3479,  0.99
3480,  0.97
3481,  0.98
3482,  0.99
3483,  0.98
3484,  0.98
3485,  0.77
3486,  0.06
3487,  0.47
3488,  0.64
3489,  0.80
3490,  0.81
3491,  0.90
3492,  1.00
3493,  1.00
3494,  1.00
3495,  0.99
3496,  0.99
3497,  0.98
3498,  0.99
3499,  0.98
3500,  0.99
3501,  0.98
3502,  0.98
3503,  0.98
3504,  0.98
3505,  0.98
3506,  0.98
3507,  0.98
3508,  0.95
3509,  0.97
3510,  0.98
3511,  0.99
3512,  0.99
3513,  0.99
3514,  0.98
3515,  0.98
3516,  0.99
3517,  0.98
3518,  0.99
3519,  0.98
3520,  0.99
3521,  0.98
3522,  0.28
3523,  0.32
3524,  0.26
3525,  0.37
3526,  0.73
3527,  0.98
3528,  0.99
3529,  0.99
3530,  0.99
3531,  0.96
3532,  1.00
3533,  1.00
3534,  1.00
3535,  1.00
3536,  1.00
3537,  1.00
3538,  1.00
3539,  1.00
3540,  1.00
3541,  1.00
3542,  1.00
3543,  0.99
3544,  0.99
3545,  0.99
3546,  0.99
3547,  0.99
3548,  0.99
3549,  0.99
3550,  0.99
3551,  0.99
3552,  0.99
3553,  0.99
3554,  0.99
3555,  0.99
3556,  0.99
3557,  0.99
3558,  0.99
3559,  0.67
3560,  0.67
3561,  1.00
3562,  1.00
3563,  1.00
3564,  1.00
3565,  1.00
3566,  1.00
3567,  1.00
3568,  1.00
3569,  0.99
3570,  1.00
3571,  0.99
3572,  0.99
3573,  0.99
3574,  0.99
3575,  0.99
3576,  0.99
3577,  0.99
3578,  0.98
3579,  0.99
3580,  0.98
3581,  0.99
3582,  0.99
3583,  0.99
3584,  0.99
3585,  0.36
3586,  0.14
3587,  0.99
3588,  0.99
3589,  0.99
3590,  0.99
3591,  0.99
3592,  0.99
3593,  0.99
3594,  0.99
3595,  0.99
3596,  0.99
3597,  0.99
3598,  0.99
3599,  0.99
3600,  0.99
3601,  0.99
3602,  0.99
3603,  0.99
3604,  0.98
3605,  0.99
3606,  0.99
3607,  0.99
3608,  0.99
3609,  0.99
3610,  0.99
3611,  0.99
3612,  0.99
3613,  0.99
3614,  0.99
3615,  0.99
3616,  0.99
3617,  0.99
3618,  0.99
3619,  0.99
3620,  0.99
3621,  0.99
3622,  1.00
3623,  0.99
3624,  0.99
3625,  0.99
3626,  0.99
3627,  0.99
3628,  0.99
3629,  0.99
3630,  0.99
3631,  0.99
3632,  0.99
3633,  0.99
3634,  0.99
3635,  0.90
3636,  0.97
3637,  0.99
3638,  1.00
3639,  1.00
3640,  1.00
3641,  1.00
3642,  1.00
3643,  1.00
3644,  0.99
3645,  0.99
3646,  0.99
3647,  0.99
3648,  0.99
3649,  0.99
3650,  0.99
3651,  0.99
3652,  0.99
3653,  0.99
3654,  0.99
3655,  0.99
3656,  0.99
3657,  0.99
3658,  1.00
3659,  0.99
3660,  0.99
3661,  0.99
3662,  0.99
3663,  0.99
3664,  1.00
3665,  1.00
3666,  0.99
3667,  0.99
3668,  0.99
3669,  0.99
3670,  0.99
3671,  1.00
3672,  1.00
3673,  1.00
3674,  1.00
3675,  1.00
3676,  0.99
3677,  0.99
3678,  0.83
3679,  0.90
3680,  1.00
3681,  1.00
3682,  1.00
3683,  1.00
3684,  1.00
3685,  1.00
3686,  1.00
3687,  1.00
3688,  1.00
3689,  1.00
3690,  1.00
3691,  1.00
3692,  1.00
3693,  1.00
3694,  1.00
3695,  1.00
3696,  1.00
3697,  1.00
3698,  0.99
3699,  1.00
3700,  1.00
3701,  0.99
3702,  1.00
3703,  0.99
3704,  0.99
3705,  1.00
3706,  0.99
3707,  0.98
3708,  0.98
3709,  0.97
3710,  0.98
3711,  0.98
3712,  0.99
3713,  0.99
3714,  0.99
3715,  0.99
3716,  0.99
3717,  1.00
3718,  0.99
3719,  0.99
3720,  0.99
3721,  0.99
3722,  1.00
3723,  0.99
3724,  0.99
3725,  0.99
3726,  0.99
3727,  0.99
3728,  0.99
3729,  0.99
3730,  0.99
3731,  0.99
3732,  0.99
3733,  0.99
3734,  0.99
3735,  0.99
3736,  0.99
3737,  0.98
3738,  0.99
3739,  0.99
3740,  0.98
3741,  0.99
3742,  0.99
3743,  1.00
3744,  0.99
3745,  1.00
3746,  1.00
3747,  1.00
3748,  0.99
3749,  0.99
3750,  0.99
3751,  0.99
3752,  1.00
3753,  0.99
3754,  0.99
3755,  0.99
3756,  0.99
3757,  0.99
3758,  0.99
3759,  0.99
3760,  0.99
3761,  0.99
3762,  0.99
3763,  0.99
3764,  1.00
3765,  0.99
3766,  0.99
3767,  0.99
3768,  0.99
3769,  0.99
3770,  0.99
3771,  0.99
3772,  1.00
3773,  0.99
3774,  0.99
3775,  0.99
3776,  0.99
3777,  1.00
3778,  0.99
3779,  1.00
3780,  0.99
3781,  1.00
3782,  0.99
3783,  0.99
3784,  1.00
3785,  0.99
3786,  1.00
3787,  0.99
3788,  1.00
3789,  0.99
3790,  0.99
3791,  0.99
3792,  0.99
3793,  0.99
3794,  0.99
3795,  0.99
3796,  0.99
3797,  1.00
3798,  1.00
3799,  0.99
3800,  0.99
3801,  0.99
3802,  1.00
3803,  0.99
3804,  1.00
3805,  0.99
3806,  1.00
3807,  1.00
3808,  1.00
3809,  1.00
3810,  0.99
3811,  1.00
3812,  1.00
3813,  1.00
3814,  1.00
3815,  1.00
3816,  1.00
3817,  1.00
3818,  1.00
3819,  1.00
3820,  1.00
3821,  1.00
3822,  1.00
3823,  1.00
3824,  1.00
3825,  0.99
3826,  1.00
3827,  1.00
3828,  1.00
3829,  1.00
3830,  1.00
3831,  1.00
3832,  1.00
3833,  1.00
3834,  1.00
3835,  1.00
3836,  1.00
3837,  1.00
3838,  1.00
3839,  1.00
3840,  1.00
3841,  1.00
3842,  1.00
3843,  1.00
3844,  1.00
3845,  1.00
3846,  1.00
3847,  1.00
3848,  1.00
3849,  1.00
3850,  1.00
3851,  1.00
3852,  1.00
3853,  1.00
3854,  1.00
3855,  1.00
3856,  1.00
3857,  1.00
3858,  1.00
3859,  1.00
3860,  0.90
3861,  0.58
3862,  0.63
3863,  0.26
3864,  0.28
3865,  0.28
3866,  0.25
3867,  0.52
3868,  0.28
3869,  0.44
3870,  0.81
3871,  0.80
3872,  0.80
3873,  0.69
3874,  0.68
3875,  0.67
3876,  0.76
3877,  0.67
3878,  0.89
3879,  0.85
3880,  0.92
3881,  0.92
3882,  0.83
3883,  0.45
3884,  0.50
3885,  0.70
3886,  0.82
3887,  0.83
3888,  0.98
3889,  0.98
3890,  1.00
3891,  1.00
3892,  1.00
3893,  1.00
3894,  1.00
3895,  1.00
3896,  1.00
3897,  1.00
3898,  1.00
3899,  1.00
3900,  1.00
3901,  1.00
3902,  1.00
3903,  1.00
3904,  0.66
3905,  0.73
3906,  0.97
3907,  1.00
3908,  1.00
3909,  1.00
3910,  1.00
3911,  1.00
3912,  1.00
3913,  1.00
3914,  1.00
3915,  1.00
3916,  1.00
3917,  1.00
3918,  1.00
3919,  1.00
3920,  1.00
3921,  1.00
3922,  1.00
3923,  1.00
3924,  1.00
3925,  1.00
3926,  1.00
3927,  1.00
3928,  1.00
3929,  1.00
3930,  1.00
3931,  1.00
3932,  1.00
3933,  1.00
3934,  1.00
3935,  1.00
3936,  0.48
3937,  0.35
3938,  0.05
3939,  0.02
3940,  0.01
3941,  0.05
3942,  0.19
3943,  0.13
3944,  0.32
3945,  0.69
3946,  0.87
3947,  0.91
3948,  0.95
3949,  0.79
3950,  0.78
3951,  0.90
3952,  0.59
3953,  0.99
3954,  1.00
3955,  1.00
3956,  0.99
3957,  0.99
3958,  1.00
3959,  1.00
3960,  1.00
3961,  1.00
3962,  1.00
3963,  1.00
3964,  1.00
3965,  1.00
3966,  1.00
3967,  1.00
3968,  1.00
3969,  1.00
3970,  1.00
3971,  1.00
3972,  1.00
3973,  1.00
3974,  1.00
3975,  1.00
3976,  1.00
3977,  1.00
3978,  1.00
3979,  1.00
3980,  1.00
3981,  1.00
3982,  1.00
3983,  1.00
3984,  1.00
3985,  1.00
3986,  1.00
3987,  1.00
3988,  1.00
3989,  1.00
3990,  1.00
3991,  1.00
3992,  1.00
3993,  1.00
3994,  1.00
3995,  1.00
3996,  1.00
3997,  1.00
3998,  1.00
3999,  1.00
4000,  1.00
4001,  1.00
4002,  1.00
4003,  1.00
4004,  1.00
4005,  1.00
4006,  1.00
4007,  1.00
4008,  1.00
4009,  1.00
4010,  1.00
4011,  1.00
4012,  1.00
4013,  1.00
4014,  1.00
4015,  1.00
4016,  1.00
4017,  1.00
4018,  1.00
4019,  1.00
4020,  1.00
4021,  1.00
4022,  1.00
4023,  1.00
4024,  1.00
4025,  1.00
4026,  1.00
4027,  1.00
4028,  1.00
4029,  1.00
4030,  0.85
4031,  0.43
4032,  0.45
4033,  0.40
4034,  0.11
4035,  0.07
4036,  0.08
4037,  0.00
4038,  0.00
4039,  0.00
4040,  0.01
4041,  0.01
4042,  0.64
4043,  0.67
4044,  0.31
4045,  0.75
4046,  0.64
4047,  0.90
4048,  0.41
4049,  0.27
4050,  0.55
4051,  0.69
4052,  0.38
4053,  0.22
4054,  0.52
4055,  0.38
4056,  0.61
4057,  1.00
4058,  1.00
4059,  1.00
4060,  1.00
4061,  1.00
4062,  1.00
4063,  1.00
4064,  1.00
4065,  1.00
4066,  1.00
4067,  1.00
4068,  1.00
4069,  1.00
4070,  1.00
4071,  1.00
4072,  1.00
4073,  1.00
4074,  1.00
4075,  1.00
4076,  1.00
4077,  1.00
4078,  1.00
4079,  1.00
4080,  1.00
4081,  1.00
4082,  1.00
4083,  1.00
4084,  1.00
4085,  1.00
4086,  1.00
4087,  1.00
4088,  1.00
4089,  1.00
4090,  1.00
4091,  1.00
4092,  1.00
4093,  1.00
4094,  1.00
4095,  1.00
4096,  1.00
4097,  1.00
4098,  1.00
4099,  1.00
4100,  1.00
4101,  1.00
4102,  1.00
4103,  1.00
4104,  1.00
4105,  1.00
4106,  1.00
4107,  1.00
4108,  1.00
4109,  1.00
4110,  1.00
4111,  1.00
4112,  1.00
4113,  0.63
4114,  0.88
4115,  0.78
4116,  0.71
4117,  0.71
4118,  0.57
4119,  0.39
4120,  0.06
4121,  0.11
4122,  0.25
4123,  0.57
4124,  0.85
4125,  1.00
4126,  1.00
4127,  1.00
4128,  1.00
4129,  1.00
4130,  1.00
4131,  1.00
4132,  1.00
4133,  1.00
4134,  1.00
4135,  1.00
4136,  1.00
4137,  1.00
4138,  1.00
4139,  1.00
4140,  1.00
4141,  1.00
4142,  1.00
4143,  1.00
4144,  1.00
4145,  1.00
4146,  1.00
4147,  1.00
4148,  1.00
4149,  1.00
4150,  1.00
4151,  1.00
4152,  1.00
4153,  1.00
4154,  1.00
4155,  1.00
4156,  1.00
4157,  1.00
4158,  0.82
4159,  1.00
4160,  1.00
4161,  1.00
4162,  1.00
4163,  1.00
4164,  1.00
4165,  1.00
4166,  1.00
4167,  1.00
4168,  1.00
4169,  1.00
4170,  1.00
4171,  0.66
4172,  0.50
4173,  0.51
4174,  1.00
4175,  1.00
4176,  1.00
4177,  1.00
4178,  1.00
4179,  1.00
4180,  1.00
4181,  1.00
4182,  1.00
4183,  1.00
4184,  1.00
4185,  1.00
4186,  1.00
4187,  1.00
4188,  1.00
4189,  1.00
4190,  1.00
4191,  1.00
4192,  1.00
4193,  1.00
4194,  1.00
4195,  1.00
4196,  1.00
4197,  1.00
4198,  1.00
4199,  1.00
4200,  1.00
4201,  1.00
4202,  1.00
4203,  1.00
4204,  1.00
4205,  1.00
4206,  1.00
4207,  1.00
4208,  1.00
4209,  1.00
4210,  1.00
4211,  1.00
4212,  1.00
4213,  1.00
4214,  1.00
4215,  1.00
4216,  1.00
4217,  1.00
4218,  1.00
4219,  1.00
4220,  1.00
4221,  1.00
4222,  1.00
4223,  1.00
4224,  1.00
4225,  0.56
4226,  1.00
4227,  1.00
4228,  1.00
4229,  1.00
4230,  1.00
4231,  1.00
4232,  1.00
4233,  1.00
4234,  1.00
4235,  1.00
4236,  1.00
4237,  1.00
4238,  1.00
4239,  1.00
4240,  1.00
4241,  1.00
4242,  1.00
4243,  1.00
4244,  1.00
4245,  1.00
4246,  1.00
4247,  1.00
4248,  1.00
4249,  1.00
4250,  1.00
4251,  1.00
4252,  1.00
4253,  1.00
4254,  1.00
4255,  1.00
4256,  1.00
4257,  1.00
4258,  1.00
4259,  1.00
4260,  0.42
4261,  0.03
4262,  0.17
4263,  0.06
4264,  0.02
4265,  0.06
4266,  0.12
4267,  0.08
4268,  0.10
4269,  0.20
4270,  0.53
4271,  1.00
4272,  1.00
4273,  1.00
4274,  1.00
4275,  1.00
4276,  1.00
4277,  1.00
4278,  1.00
4279,  1.00
4280,  1.00
4281,  1.00
4282,  1.00
4283,  1.00
4284,  1.00
4285,  1.00
4286,  1.00
4287,  1.00
4288,  1.00
4289,  1.00
4290,  1.00
4291,  1.00
4292,  1.00
4293,  1.00
4294,  1.00
4295,  1.00
4296,  1.00
4297,  1.00
4298,  1.00
4299,  1.00
4300,  1.00
4301,  1.00
4302,  1.00
4303,  1.00
4304,  1.00
4305,  1.00
4306,  1.00
4307,  1.00
4308,  1.00
4309,  1.00
4310,  1.00
4311,  1.00
4312,  1.00
4313,  1.00
4314,  1.00
4315,  1.00
4316,  1.00
4317,  1.00
4318,  1.00
4319,  1.00
4320,  1.00
4321,  1.00
4322,  1.00
4323,  1.00
4324,  1.00
4325,  1.00
4326,  1.00
4327,  1.00
4328,  1.00
4329,  1.00
4330,  1.00
4331,  1.00
4332,  1.00
4333,  1.00
4334,  1.00
4335,  1.00
4336,  1.00
4337,  1.00
4338,  1.00
4339,  1.00
4340,  1.00
4341,  1.00
4342,  1.00
4343,  1.00
4344,  1.00
4345,  1.00
4346,  1.00
4347,  1.00
4348,  1.00
4349,  1.00
4350,  1.00
4351,  1.00
4352,  1.00
4353,  1.00
4354,  1.00
4355,  1.00
4356,  1.00
4357,  1.00
4358,  1.00
4359,  1.00
4360,  1.00
4361,  1.00
4362,  1.00
4363,  1.00
4364,  1.00
4365,  1.00
4366,  1.00
4367,  1.00
4368,  1.00
4369,  1.00
4370,  1.00
4371,  1.00
4372,  1.00
4373,  1.00
4374,  1.00
4375,  1.00
4376,  1.00
4377,  1.00
4378,  1.00
4379,  1.00
4380,  1.00
4381,  1.00
4382,  1.00
4383,  1.00
4384,  1.00
4385,  1.00
4386,  1.00
4387,  1.00
4388,  1.00
4389,  1.00
4390,  1.00
4391,  1.00
4392,  1.00
4393,  1.00
4394,  1.00
4395,  1.00
4396,  1.00
4397,  1.00
4398,  1.00
4399,  1.00
4400,  1.00
4401,  1.00
4402,  1.00
4403,  1.00
4404,  1.00
4405,  1.00
4406,  1.00
4407,  1.00
4408,  1.00
4409,  1.00
4410,  1.00
4411,  1.00
4412,  1.00
4413,  1.00
4414,  1.00
4415,  1.00
4416,  1.00
4417,  1.00
4418,  1.00
4419,  1.00
4420,  1.00
4421,  1.00
4422,  1.00
4423,  1.00
4424,  1.00
4425,  1.00
4426,  1.00
4427,  1.00
4428,  1.00
4429,  1.00
4430,  1.00
4431,  1.00
4432,  1.00
4433,  1.00
4434,  1.00
4435,  1.00
4436,  1.00
4437,  1.00
4438,  1.00
4439,  1.00
4440,  1.00
4441,  1.00
4442,  1.00
4443,  1.00
4444,  1.00
4445,  1.00
4446,  1.00
4447,  1.00
4448,  1.00
4449,  1.00
4450,  1.00
4451,  1.00
4452,  1.00
4453,  1.00
4454,  1.00
4455,  1.00
4456,  1.00
4457,  1.00
4458,  1.00
4459,  1.00
4460,  1.00
4461,  1.00
4462,  1.00
4463,  1.00
4464,  1.00
4465,  1.00
4466,  1.00
4467,  1.00
4468,  1.00
4469,  1.00
4470,  1.00
4471,  1.00
4472,  1.00
4473,  1.00
4474,  1.00
4475,  1.00
4476,  1.00
4477,  1.00
4478,  1.00
4479,  1.00
4480,  1.00
4481,  1.00
4482,  1.00
4483,  1.00
4484,  1.00
4485,  1.00
4486,  1.00
4487,  1.00
4488,  1.00
4489,  1.00
4490,  1.00
4491,  1.00
4492,  1.00
4493,  1.00
4494,  1.00
4495,  1.00
4496,  1.00
4497,  1.00
4498,  1.00
4499,  1.00
4500,  1.00
4501,  1.00
4502,  1.00
4503,  1.00
4504,  1.00
4505,  1.00
4506,  1.00
4507,  1.00
4508,  1.00
4509,  1.00
4510,  1.00
4511,  1.00
4512,  1.00
4513,  1.00
4514,  1.00
4515,  1.00
4516,  1.00
4517,  1.00
4518,  1.00
4519,  1.00
4520,  1.00
4521,  1.00
4522,  1.00
4523,  1.00
4524,  1.00
4525,  1.00
4526,  1.00
4527,  1.00
4528,  1.00
4529,  1.00
4530,  1.00
4531,  1.00
4532,  1.00
4533,  1.00
4534,  1.00
4535,  1.00
4536,  1.00
4537,  1.00
4538,  1.00
4539,  1.00
4540,  1.00
4541,  1.00
4542,  1.00
4543,  1.00
4544,  1.00
4545,  1.00
4546,  1.00
4547,  1.00
4548,  1.00
4549,  1.00
4550,  1.00
4551,  1.00
4552,  1.00
4553,  1.00
4554,  1.00
4555,  1.00
4556,  1.00
4557,  1.00
4558,  1.00
4559,  1.00
4560,  1.00
4561,  1.00
4562,  1.00
4563,  1.00
4564,  1.00
4565,  1.00
4566,  1.00
4567,  1.00
4568,  1.00
4569,  1.00
4570,  1.00
4571,  1.00
4572,  1.00
4573,  1.00
4574,  1.00
4575,  1.00
4576,  1.00
4577,  1.00
4578,  1.00
4579,  1.00
4580,  1.00
4581,  1.00
4582,  1.00
4583,  1.00
4584,  1.00
4585,  1.00
4586,  1.00
4587,  1.00
4588,  1.00
4589,  1.00
4590,  1.00
4591,  1.00
4592,  1.00
4593,  1.00
4594,  1.00
4595,  1.00
4596,  1.00
4597,  1.00
4598,  1.00
4599,  1.00
4600,  1.00
4601,  1.00
4602,  1.00
4603,  1.00
4604,  1.00
4605,  1.00
4606,  1.00
4607,  1.00
4608,  1.00
4609,  1.00
4610,  1.00
4611,  1.00
4612,  1.00
4613,  1.00
4614,  1.00
4615,  1.00
4616,  1.00
4617,  1.00
4618,  1.00
4619,  1.00
4620,  1.00
4621,  1.00
4622,  1.00
4623,  1.00
4624,  1.00
4625,  1.00
4626,  1.00
4627,  1.00
4628,  1.00
4629,  1.00
4630,  1.00
4631,  1.00
4632,  1.00
4633,  1.00
4634,  1.00
4635,  1.00
4636,  1.00
4637,  1.00
4638,  1.00
4639,  1.00
4640,  1.00
4641,  1.00
4642,  1.00
4643,  1.00
4644,  1.00
4645,  1.00
4646,  1.00
4647,  1.00
4648,  1.00
4649,  1.00
4650,  1.00
4651,  1.00
4652,  1.00
4653,  1.00
4654,  1.00
4655,  1.00
4656,  1.00
4657,  1.00
4658,  1.00
4659,  1.00
4660,  1.00
4661,  1.00
4662,  1.00
4663,  1.00
4664,  1.00
4665,  1.00
4666,  1.00
4667,  1.00
4668,  1.00
4669,  1.00
4670,  1.00
4671,  1.00
4672,  1.00
4673,  1.00
4674,  1.00
4675,  1.00
4676,  1.00
4677,  1.00
4678,  1.00
4679,  1.00
4680,  1.00
4681,  1.00
4682,  1.00
4683,  1.00
4684,  1.00
4685,  1.00
4686,  1.00
4687,  1.00
4688,  1.00
4689,  1.00
4690,  1.00
4691,  1.00
4692,  1.00
4693,  1.00
4694,  1.00
4695,  1.00
4696,  1.00
4697,  1.00
4698,  1.00
4699,  1.00
4700,  1.00
4701,  1.00
4702,  1.00
4703,  1.00
4704,  1.00
4705,  1.00
4706,  1.00
4707,  1.00
4708,  0.66
4709,  0.02
4710,  0.00
4711,  0.02
4712,  0.39
4713,  0.29
4714,  0.08
4715,  0.04
4716,  0.17
4717,  0.38
4718,  0.47
4719,  0.46
4720,  0.53
4721,  0.56
4722,  0.40
4723,  0.51
4724,  0.32
4725,  0.36
4726,  0.70
4727,  0.85
4728,  0.69
4729,  0.48
4730,  0.50
4731,  0.63
4732,  0.83
4733,  0.62
4734,  0.69
4735,  0.62
4736,  0.62
4737,  0.87
4738,  0.91
4739,  0.92
4740,  0.82
4741,  0.78
4742,  0.45
4743,  0.57
4744,  0.47
4745,  0.69
4746,  0.81
4747,  0.90
4748,  0.99
4749,  0.89
4750,  0.67
4751,  0.68
4752,  0.86
4753,  0.65
4754,  0.32
4755,  0.53
4756,  0.48
4757,  0.50
4758,  0.57
4759,  0.48
4760,  0.39
4761,  0.25
4762,  0.41
4763,  0.31
4764,  0.41
4765,  0.38
4766,  0.21
4767,  0.16
4768,  0.38
4769,  0.37
4770,  0.23
4771,  0.07
4772,  0.04
4773,  0.07
4774,  0.11
4775,  0.04
4776,  0.04
4777,  0.28
4778,  0.12
4779,  0.04
4780,  0.03
4781,  0.06
4782,  0.19
4783,  0.22
4784,  0.39
4785,  0.33
4786,  0.48
4787,  0.21
4788,  0.21
4789,  0.16
4790,  0.09
4791,  0.01
4792,  0.02
4793,  0.03
4794,  0.34
4795,  0.16
4796,  0.08
4797,  0.15
4798,  0.11
4799,  0.14
4800,  0.16
4801,  0.12
4802,  0.22
4803,  0.28
4804,  0.10
4805,  0.22
4806,  0.13
4807,  0.16
4808,  0.26
4809,  0.19
4810,  0.28
4811,  0.23
4812,  0.33
4813,  0.17
4814,  0.57
4815,  0.18
4816,  0.02
4817,  0.04
4818,  0.32
4819,  0.19
4820,  0.28
4821,  0.29
4822,  0.48
4823,  0.30
4824,  0.05
4825,  0.31
4826,  0.35
4827,  0.70
4828,  0.87
4829,  0.27
4830,  0.20
4831,  0.09
4832,  0.02
4833,  0.00
4834,  0.01
4835,  0.01
4836,  0.00
4837,  0.01
4838,  0.01
4839,  0.03
4840,  0.00
4841,  0.00
4842,  0.00
4843,  0.05
4844,  0.04
4845,  0.01
4846,  0.00
4847,  0.00
4848,  0.00
4849,  0.02
4850,  0.04
4851,  0.01
4852,  0.00
4853,  0.00
4854,  0.00
4855,  0.00
4856,  0.00
4857,  0.00
4858,  0.00
4859,  0.00
4860,  0.00
4861,  0.06
4862,  0.25
4863,  0.49
4864,  0.35
4865,  0.07
4866,  0.07
4867,  0.01
4868,  0.11
4869,  0.23
4870,  0.37
4871,  0.20
4872,  0.01
4873,  0.02
4874,  0.02
4875,  0.05
4876,  0.09
4877,  0.12
4878,  0.22
4879,  0.08
4880,  0.05
4881,  0.04
4882,  0.08
4883,  0.20
4884,  0.07
4885,  0.34
4886,  0.25
4887,  0.08
4888,  0.25
4889,  0.41
4890,  0.23
4891,  0.05
4892,  0.06
4893,  0.04
4894,  0.08
4895,  0.09
4896,  0.27
4897,  0.27
4898,  0.52
4899,  0.25
4900,  0.00
4901,  0.04
4902,  0.02
4903,  0.00
4904,  0.13
4905,  0.66
4906,  0.71
4907,  0.86
4908,  0.83
4909,  0.79
4910,  0.76
4911,  0.67
4912,  0.37
4913,  0.49
4914,  0.62
4915,  0.71
4916,  0.65
4917,  0.76
4918,  0.78
4919,  0.63
4920,  0.11
4921,  0.04
4922,  0.00
4923,  0.00
4924,  0.00
4925,  0.00
4926,  0.00
4927,  0.00
4928,  0.00
4929,  0.00
4930,  0.00
4931,  0.00
4932,  0.00
4933,  0.00
4934,  0.00
4935,  0.00
4936,  0.01
4937,  0.03
4938,  0.05
4939,  0.04
4940,  0.66
4941,  0.20
4942,  0.26
4943,  0.33
4944,  0.04
4945,  0.00
4946,  0.00
4947,  0.00
4948,  0.00
4949,  0.00
4950,  0.00
4951,  0.02
4952,  0.03
4953,  0.03
4954,  0.01
4955,  0.00
4956,  0.00
4957,  0.00
4958,  0.00
4959,  0.00
4960,  0.14
4961,  0.72
4962,  0.73
4963,  0.78
4964,  0.78
4965,  0.78
4966,  0.33
4967,  0.68
4968,  0.88
4969,  0.53
4970,  0.22
4971,  0.33
4972,  0.34
4973,  0.64
4974,  0.82
4975,  0.91
4976,  0.91
4977,  0.93
4978,  0.95
4979,  0.96
4980,  0.14
4981,  0.37
4982,  0.52
4983,  0.42
4984,  0.51
4985,  0.36
4986,  0.68
4987,  0.59
4988,  0.44
4989,  0.58
4990,  0.61
4991,  0.68
4992,  0.84
4993,  0.60
4994,  0.62
4995,  0.59
4996,  0.61
4997,  0.60
4998,  0.44
4999,  0.77
5000,  0.83
5001,  0.83
5002,  0.87
5003,  0.86
5004,  0.90
5005,  0.33
5006,  0.42
5007,  0.66
5008,  0.75
5009,  0.73
5010,  0.77
5011,  0.84
5012,  0.76
5013,  0.86
5014,  0.89
5015,  0.87
5016,  0.45
5017,  0.58
5018,  0.42
5019,  0.18
5020,  0.05
5021,  0.24
5022,  0.83
5023,  0.65
5024,  0.78
5025,  0.94
5026,  0.99
5027,  0.97
5028,  0.89
5029,  0.61
5030,  0.88
5031,  0.98
5032,  0.25
5033,  0.01
5034,  0.04
5035,  0.03
5036,  0.00
5037,  0.18
5038,  0.03
5039,  0.03
5040,  0.14
5041,  0.38
5042,  0.39
5043,  0.37
5044,  0.10
5045,  0.11
5046,  0.21
5047,  0.45
5048,  0.51
5049,  0.54
5050,  0.71
5051,  0.87
5052,  0.94
5053,  0.93
5054,  0.90
5055,  0.89
5056,  0.88
5057,  0.86
5058,  0.85
5059,  0.90
5060,  0.90
5061,  0.81
5062,  0.18
5063,  0.73
5064,  0.74
5065,  0.92
5066,  0.95
5067,  0.93
5068,  0.54
5069,  0.53
5070,  0.92
5071,  0.97
5072,  0.96
5073,  0.92
5074,  0.92
5075,  0.92
5076,  0.90
5077,  0.85
5078,  0.89
5079,  0.91
5080,  0.85
5081,  0.91
5082,  0.90
5083,  0.89
5084,  0.89
5085,  0.91
5086,  0.92
5087,  0.88
5088,  0.94
5089,  0.82
5090,  0.29
5091,  0.46
5092,  0.66
5093,  0.19
5094,  0.22
5095,  0.26
5096,  0.37
5097,  0.10
5098,  0.05
5099,  0.26
5100,  0.11
5101,  0.19
5102,  0.22
5103,  0.18
5104,  0.21
5105,  0.24
5106,  0.37
5107,  0.45
5108,  0.91
5109,  0.92
5110,  0.91
5111,  0.95
5112,  0.32
5113,  0.74
5114,  0.98
5115,  0.95
5116,  0.90
5117,  0.94
5118,  0.88
5119,  0.93
5120,  0.95
5121,  0.95
5122,  0.97
5123,  0.95
5124,  0.97
5125,  0.98
5126,  0.94
5127,  0.34
5128,  0.91
5129,  0.86
5130,  0.78
5131,  0.77
5132,  0.74
5133,  0.74
5134,  0.81
5135,  0.80
5136,  0.82
5137,  0.85
5138,  0.81
5139,  0.83
5140,  0.89
5141,  0.89
5142,  0.86
5143,  0.57
5144,  0.79
5145,  0.84
5146,  0.89
5147,  0.91
5148,  0.90
5149,  0.91
5150,  0.91
5151,  0.93
5152,  0.93
5153,  0.95
5154,  0.94
5155,  0.94
5156,  0.84
5157,  0.35
5158,  0.67
5159,  0.97
5160,  0.96
5161,  0.88
5162,  0.62
5163,  0.62
5164,  0.33
5165,  0.13
5166,  0.33
5167,  0.39
5168,  0.02
5169,  0.15
5170,  0.02
5171,  0.03
5172,  0.12
5173,  0.34
5174,  0.97
5175,  0.93
5176,  0.71
5177,  0.59
5178,  0.75
5179,  0.90
5180,  0.85
5181,  0.80
5182,  0.79
5183,  0.79
5184,  0.77
5185,  0.88
5186,  0.96
5187,  0.92
5188,  0.93
5189,  0.94
5190,  0.77
5191,  0.93
5192,  0.95
5193,  0.96
5194,  0.96
5195,  0.97
5196,  0.96
5197,  0.82
5198,  0.33
5199,  0.15
5200,  0.09
5201,  0.12
5202,  0.07
5203,  0.21
5204,  0.25
5205,  0.29
5206,  0.27
5207,  0.29
5208,  0.31
5209,  0.69
5210,  0.97
5211,  0.97
5212,  0.89
5213,  0.82
5214,  0.87
5215,  0.70
5216,  0.84
5217,  0.79
5218,  0.86
5219,  0.71
5220,  0.94
5221,  0.80
5222,  0.92
5223,  0.91
5224,  0.89
5225,  0.26
5226,  0.72
5227,  0.32
5228,  0.05
5229,  0.01
5230,  0.29
5231,  0.15
5232,  0.69
5233,  0.82
5234,  0.93
5235,  0.81
5236,  0.29
5237,  0.61
5238,  0.60
5239,  0.56
5240,  0.70
5241,  0.65
5242,  0.87
5243,  0.77
5244,  0.81
5245,  0.88
5246,  0.87
5247,  0.86
5248,  0.82
5249,  0.10
5250,  0.00
5251,  0.00
5252,  0.00
5253,  0.00
5254,  0.00
5255,  0.01
5256,  0.46
5257,  0.88
5258,  0.54
5259,  0.92
5260,  0.95
5261,  0.90
5262,  0.93
5263,  0.93
5264,  0.96
5265,  0.94
5266,  0.93
5267,  0.89
5268,  0.90
5269,  0.95
5270,  0.96
5271,  0.86
5272,  0.96
5273,  0.94
5274,  0.95
5275,  0.96
5276,  0.97
5277,  0.99
5278,  0.99
5279,  0.99
5280,  0.99
5281,  0.99
5282,  0.98
5283,  0.99
5284,  0.99
5285,  0.99
5286,  0.98
5287,  0.47
5288,  0.01
5289,  0.00
5290,  0.00
5291,  0.00
5292,  0.00
5293,  0.00
5294,  0.00
5295,  0.00
5296,  0.00
5297,  0.00
5298,  0.00
5299,  0.00
5300,  0.00
5301,  0.00
5302,  0.00
5303,  0.00
5304,  0.00
5305,  0.00
5306,  0.00
5307,  0.64
5308,  0.77
5309,  0.99
5310,  0.98
5311,  0.90
5312,  0.92
5313,  0.93
5314,  0.94
5315,  0.97
5316,  0.68
5317,  0.11
5318,  0.04
5319,  0.19
5320,  0.23
5321,  0.47
5322,  0.65
5323,  0.71
5324,  0.73
5325,  0.79
5326,  0.83
5327,  0.85
5328,  0.88
5329,  0.87
5330,  0.88
5331,  0.90
5332,  0.87
5333,  0.95
5334,  0.97
5335,  0.96
5336,  0.98
5337,  0.94
5338,  0.93
5339,  0.95
5340,  0.91
5341,  0.96
5342,  0.95
5343,  0.96
5344,  0.95
5345,  0.97
5346,  0.82
5347,  0.62
5348,  0.66
5349,  0.57
5350,  0.88
5351,  0.60
5352,  0.46
5353,  0.65
5354,  0.43
5355,  0.54
5356,  0.23
5357,  0.59
5358,  0.29
5359,  0.59
5360,  0.24
5361,  0.81
5362,  0.96
5363,  0.57
5364,  0.38
5365,  0.65
5366,  0.25
5367,  0.76
5368,  0.73
5369,  0.99
5370,  0.96
5371,  0.85
5372,  0.80
5373,  0.88
5374,  0.97
5375,  0.83
5376,  0.95
5377,  0.95
5378,  0.94
5379,  0.95
5380,  0.97
5381,  0.96
5382,  0.92
5383,  0.88
5384,  0.90
5385,  0.93
5386,  0.96
5387,  0.96
5388,  0.86
5389,  0.97
5390,  0.92
5391,  0.73
5392,  0.97
5393,  0.92
5394,  0.95
5395,  0.56
5396,  0.09
5397,  0.93
5398,  0.94
5399,  0.37
5400,  0.03
5401,  0.18
5402,  0.21
5403,  0.22
5404,  0.12
5405,  0.17
5406,  0.14
5407,  0.28
5408,  0.03
5409,  0.01
5410,  0.01
5411,  0.02
5412,  0.00
5413,  0.01
5414,  0.01
5415,  0.01
5416,  0.02
5417,  0.01
5418,  0.17
5419,  0.51
5420,  0.20
5421,  0.00
5422,  0.00
5423,  0.00
5424,  0.00
5425,  0.00
5426,  0.00
5427,  0.01
5428,  0.03
5429,  0.36
5430,  0.79
5431,  0.95
5432,  0.93
5433,  0.96
5434,  0.97
5435,  1.00
5436,  0.93
5437,  0.71
5438,  0.96
5439,  0.94
5440,  0.95
5441,  0.97
5442,  0.97
5443,  0.96
5444,  0.95
5445,  0.95
5446,  0.96
5447,  0.95
5448,  0.96
5449,  0.94
5450,  0.94
5451,  0.97
5452,  0.96
5453,  0.98
5454,  0.97
5455,  0.98
5456,  0.98
5457,  0.98
5458,  0.98
5459,  0.96
5460,  0.97
5461,  0.99
5462,  0.50
5463,  0.71
5464,  0.99
5465,  0.99
5466,  0.99
5467,  0.99
5468,  0.99
5469,  0.99
5470,  0.99
5471,  0.99
5472,  0.89
5473,  1.00
5474,  0.99
5475,  0.98
5476,  0.97
5477,  0.96
5478,  0.95
5479,  0.96
5480,  0.96
5481,  0.85
5482,  0.34
5483,  0.98
5484,  0.93
5485,  0.92
5486,  0.96
5487,  0.97
5488,  0.95
5489,  0.94
5490,  0.96
5491,  0.94
5492,  0.98
5493,  0.84
5494,  0.96
5495,  0.99
5496,  0.98
5497,  0.98
5498,  0.98
5499,  0.98
5500,  0.97
5501,  0.97
5502,  0.98
5503,  0.98
5504,  0.98
5505,  0.98
5506,  0.98
5507,  0.98
5508,  0.98
5509,  0.98
5510,  0.98
5511,  0.98
5512,  0.99
5513,  0.97
5514,  0.88
5515,  1.00
5516,  1.00
5517,  0.99
5518,  0.99
5519,  0.99
5520,  0.99
5521,  0.95
5522,  0.07
5523,  0.01
5524,  0.04
5525,  0.11
5526,  0.09
5527,  0.30
5528,  0.73
5529,  0.99
5530,  1.00
5531,  1.00
5532,  1.00
5533,  0.99
5534,  0.99
5535,  0.99
5536,  0.99
5537,  0.99
5538,  0.99
5539,  0.50
5540,  0.60
5541,  0.99
5542,  0.98
5543,  0.98
5544,  0.99
5545,  0.99
5546,  0.98
5547,  0.97
5548,  0.26
5549,  0.26
5550,  0.03
5551,  0.50
5552,  0.10
5553,  0.00
5554,  0.01
5555,  0.11
5556,  0.83
5557,  0.94
5558,  0.86
5559,  0.88
5560,  0.85
5561,  0.90
5562,  0.92
5563,  0.95
5564,  0.94
5565,  0.94
5566,  0.96
5567,  0.96
5568,  0.97
5569,  0.96
5570,  0.94
5571,  0.46
5572,  0.32
5573,  0.84
5574,  0.95
5575,  0.95
5576,  0.96
5577,  0.98
5578,  0.97
5579,  0.98
5580,  0.98
5581,  0.97
5582,  0.98
5583,  0.86
5584,  0.13
5585,  0.42
5586,  0.79
5587,  0.97
5588,  0.96
5589,  0.95
5590,  0.46
5591,  0.14
5592,  0.24
5593,  0.54
5594,  0.77
5595,  0.76
5596,  0.57
5597,  0.61
5598,  0.67
5599,  0.71
5600,  0.86
5601,  0.99
5602,  0.95
5603,  0.98
5604,  0.98
5605,  0.97
5606,  0.95
5607,  0.86
5608,  0.91
5609,  0.90
5610,  0.99
5611,  0.99
5612,  0.99
5613,  0.98
5614,  0.98
5615,  0.99
5616,  0.84
5617,  0.48
5618,  0.79
5619,  0.91
5620,  0.95
5621,  0.97
5622,  0.96
5623,  0.96
5624,  0.96
5625,  0.97
5626,  0.99
5627,  0.99
5628,  0.99
5629,  0.99
5630,  0.99
5631,  1.00
5632,  0.99
5633,  0.63
5634,  0.16
5635,  0.11
5636,  0.12
5637,  0.25
5638,  0.16
5639,  0.32
5640,  0.82
5641,  0.94
5642,  0.99
5643,  0.99
5644,  0.96
5645,  0.97
5646,  0.73
5647,  0.80
5648,  0.89
5649,  0.96
5650,  0.98
5651,  0.93
5652,  0.92
5653,  0.97
5654,  0.98
5655,  0.99
5656,  0.99
5657,  0.98
5658,  0.98
5659,  0.98
5660,  0.98
5661,  0.98
5662,  0.98
5663,  0.98
5664,  0.98
5665,  0.98
5666,  0.99
5667,  0.83
5668,  0.96
5669,  0.99
5670,  0.98
5671,  0.98
5672,  0.98
5673,  0.97
5674,  0.98
5675,  0.98
5676,  0.99
5677,  1.00
5678,  0.99
5679,  0.99
5680,  0.99
5681,  0.99
5682,  0.80
5683,  0.04
5684,  0.13
5685,  0.86
5686,  0.91
5687,  0.95
5688,  0.97
5689,  0.95
5690,  0.95
5691,  0.89
5692,  0.97
5693,  0.99
5694,  1.00
5695,  1.00
5696,  1.00
5697,  0.99
5698,  0.99
5699,  0.99
5700,  0.97
5701,  0.98
5702,  0.98
5703,  0.96
5704,  0.98
5705,  0.99
5706,  0.99
5707,  0.99
5708,  0.99
5709,  0.99
5710,  0.99
5711,  0.99
5712,  0.99
5713,  0.99
5714,  0.99
5715,  0.80
5716,  0.57
5717,  0.60
5718,  0.46
5719,  0.38
5720,  0.02
5721,  0.01
5722,  0.09
5723,  0.45
5724,  0.70
5725,  0.90
5726,  0.89
5727,  0.92
5728,  0.98
5729,  0.99
5730,  0.99
5731,  0.99
5732,  0.99
5733,  0.99
5734,  0.99
5735,  0.99
5736,  0.99
5737,  0.99
5738,  0.99
5739,  0.99
5740,  0.98
5741,  0.98
5742,  0.98
5743,  0.98
5744,  0.89
5745,  0.97
5746,  0.96
5747,  0.99
5748,  0.99
5749,  0.98
5750,  0.97
5751,  0.98
5752,  0.97
5753,  0.97
5754,  0.98
5755,  0.98
5756,  0.99
5757,  0.98
5758,  0.97
5759,  0.98
5760,  0.98
5761,  0.99
5762,  0.99
5763,  0.98
5764,  0.98
5765,  0.98
5766,  0.99
5767,  0.98
5768,  0.98
5769,  0.99
5770,  0.99
5771,  0.99
5772,  0.98
5773,  0.99
5774,  0.99
5775,  0.99
5776,  0.97
5777,  0.98
5778,  0.94
5779,  0.51
5780,  0.99
5781,  1.00
5782,  1.00
5783,  1.00
5784,  0.99
5785,  0.99
5786,  1.00
5787,  0.99
5788,  0.99
5789,  0.99
5790,  0.99
5791,  0.99
5792,  0.99
5793,  0.99
5794,  0.99
5795,  1.00
5796,  1.00
5797,  1.00
5798,  1.00
5799,  0.99
5800,  1.00
5801,  1.00
5802,  0.99
5803,  1.00
5804,  0.92
5805,  1.00
5806,  1.00
5807,  1.00
5808,  1.00
5809,  0.99
5810,  1.00
5811,  0.99
5812,  0.99
5813,  0.99
5814,  0.95
5815,  0.99
5816,  0.99
5817,  0.99
5818,  1.00
5819,  0.99
5820,  1.00
5821,  1.00
5822,  0.99
5823,  0.99
5824,  1.00
5825,  0.99
5826,  0.96
5827,  0.99
5828,  0.99
5829,  0.99
5830,  0.99
5831,  0.82
5832,  0.99
5833,  0.99
5834,  0.96
5835,  0.97
5836,  0.97
5837,  0.97
5838,  0.97
5839,  0.99
5840,  0.99
5841,  0.99
5842,  0.99
5843,  0.99
5844,  0.99
5845,  0.99
5846,  0.99
5847,  0.99
5848,  0.96
5849,  1.00
5850,  0.99
5851,  0.99
5852,  0.99
5853,  0.99
5854,  0.99
5855,  0.99
5856,  0.99
5857,  1.00
5858,  0.99
5859,  1.00
5860,  0.99
5861,  0.60
5862,  0.26
5863,  0.68
5864,  0.18
5865,  0.37
5866,  0.37
5867,  0.30
5868,  0.55
5869,  0.68
5870,  0.61
5871,  0.58
5872,  0.07
5873,  0.13
5874,  0.46
5875,  0.42
5876,  0.60
5877,  0.60
5878,  0.51
5879,  0.49
5880,  0.30
5881,  0.12
5882,  0.00
5883,  0.12
5884,  0.27
5885,  0.53
5886,  0.27
5887,  0.18
5888,  0.10
5889,  0.23
5890,  0.67
5891,  0.20
5892,  0.55
5893,  0.72
5894,  0.62
5895,  0.15
5896,  0.85
5897,  0.93
5898,  0.71
5899,  0.89
5900,  0.99
5901,  0.99
5902,  0.89
5903,  1.00
5904,  0.99
5905,  1.00
5906,  0.62
5907,  0.81
5908,  0.99
5909,  0.99
5910,  0.81
5911,  0.95
5912,  0.98
5913,  0.93
5914,  0.99
5915,  0.07
5916,  0.51
5917,  0.80
5918,  0.93
5919,  0.49
5920,  0.65
5921,  0.49
5922,  0.35
5923,  0.50
5924,  0.67
5925,  0.51
5926,  0.59
5927,  0.59
5928,  0.26
5929,  0.15
5930,  0.01
5931,  0.01
5932,  0.01
5933,  0.08
5934,  0.22
5935,  0.35
5936,  0.66
5937,  0.33
5938,  0.65
5939,  0.72
5940,  0.78
5941,  0.79
5942,  0.76
5943,  0.56
5944,  0.74
5945,  0.73
5946,  0.80
5947,  0.52
5948,  0.01
5949,  0.01
5950,  0.02
5951,  0.00
5952,  0.13
5953,  0.77
5954,  0.90
5955,  0.87
5956,  0.79
5957,  0.82
5958,  0.81
5959,  0.92
5960,  0.85
5961,  0.81
5962,  0.48
5963,  0.14
5964,  0.81
5965,  0.75
5966,  0.40
5967,  0.67
5968,  0.78
5969,  0.79
5970,  0.89
5971,  0.89
5972,  0.79
5973,  0.28
5974,  0.39
5975,  0.20
5976,  0.11
5977,  0.12
5978,  0.81
5979,  0.61
5980,  0.88
5981,  0.95
5982,  0.40
5983,  0.10
5984,  0.01
5985,  0.01
5986,  0.01
5987,  0.02
5988,  0.00
5989,  0.00
5990,  0.02
5991,  0.02
5992,  0.00
5993,  0.00
5994,  0.03
5995,  0.00
5996,  0.00
5997,  0.00
5998,  0.00
5999,  0.00
6000,  0.00
6001,  0.00
6002,  0.00
6003,  0.00
6004,  0.02
6005,  0.01
6006,  0.01
6007,  0.01
6008,  0.02
6009,  0.08
6010,  0.01
6011,  0.01
6012,  0.01
6013,  0.01
6014,  0.20
6015,  0.00
6016,  0.00
6017,  0.00
6018,  0.00
6019,  0.00
6020,  0.00
6021,  0.00
6022,  0.00
6023,  0.00
6024,  0.00
6025,  0.00
6026,  0.00
6027,  0.42
6028,  0.01
6029,  0.02
6030,  0.02
6031,  0.02
6032,  0.02
6033,  0.57
6034,  0.62
6035,  0.77
6036,  0.85
6037,  0.87
6038,  0.90
6039,  0.70
6040,  0.50
6041,  0.19
6042,  0.68
6043,  0.79
6044,  0.63
6045,  0.60
6046,  0.59
6047,  0.59
6048,  0.26
6049,  0.50
6050,  0.97
6051,  0.98
6052,  0.96
6053,  0.94
6054,  0.97
6055,  0.97
6056,  0.91
6057,  0.96
6058,  0.97
6059,  0.95
6060,  0.99
6061,  0.98
6062,  0.99
6063,  0.99
6064,  0.99
6065,  0.98
6066,  0.63
6067,  0.21
6068,  0.03
6069,  0.51
6070,  0.05
6071,  0.28
6072,  0.94
6073,  0.73
6074,  0.70
6075,  0.73
6076,  0.60
6077,  0.66
6078,  0.75
6079,  0.87
6080,  0.80
6081,  0.45
6082,  0.64
6083,  0.93
6084,  0.49
6085,  0.32
6086,  0.24
6087,  0.13
6088,  0.64
6089,  0.29
6090,  0.19
6091,  0.03
6092,  0.11
6093,  0.04
6094,  0.07
6095,  0.09
6096,  0.12
6097,  0.23
6098,  0.74
6099,  0.21
6100,  0.18
6101,  0.85
6102,  0.95
6103,  0.93
6104,  0.94
6105,  0.89
6106,  0.90
6107,  0.93
6108,  0.95
6109,  0.81
6110,  0.70
6111,  0.79
6112,  0.75
6113,  0.64
6114,  0.94
6115,  1.00
6116,  0.98
6117,  0.99
6118,  0.99
6119,  0.99
6120,  0.99
6121,  1.00
6122,  0.99
6123,  1.00
6124,  1.00
6125,  1.00
6126,  1.00
6127,  1.00
6128,  1.00
6129,  1.00
6130,  1.00
6131,  1.00
6132,  1.00
6133,  0.84
6134,  0.97
6135,  0.99
6136,  0.99
6137,  0.99
6138,  0.98
6139,  0.99
6140,  0.98
6141,  0.98
6142,  0.97
6143,  0.94
6144,  0.94
6145,  0.96
6146,  0.95
6147,  0.97
6148,  0.97
6149,  0.97
6150,  0.99
6151,  0.99
6152,  0.99
6153,  0.99
6154,  0.98
6155,  0.63
6156,  0.82
6157,  0.98
6158,  0.99
6159,  0.84
6160,  0.15
6161,  0.01
6162,  0.01
6163,  0.00
6164,  0.01
6165,  0.05
6166,  0.01
6167,  0.02
6168,  0.04
6169,  0.00
6170,  0.20
6171,  0.14
6172,  0.10
6173,  0.04
6174,  0.05
6175,  0.16
6176,  0.64
6177,  0.20
6178,  0.00
6179,  0.00
6180,  0.00
6181,  0.00
6182,  0.00
6183,  0.00
6184,  0.00
6185,  0.05
6186,  0.01
6187,  0.01
6188,  0.31
6189,  0.55
6190,  0.02
6191,  0.01
6192,  0.01
6193,  0.01
6194,  0.00
6195,  0.01
6196,  0.00
6197,  0.02
6198,  0.01
6199,  0.00
6200,  0.01
6201,  0.01
6202,  0.01
6203,  0.23
6204,  0.06
6205,  0.06
6206,  0.09
6207,  0.13
6208,  0.29
6209,  0.93
6210,  0.90
6211,  0.96
6212,  0.95
6213,  0.99
6214,  0.99
6215,  0.91
6216,  0.99
6217,  0.99
6218,  0.97
6219,  0.97
6220,  0.94
6221,  0.93
6222,  0.99
6223,  0.97
6224,  0.99
6225,  0.98
6226,  0.97
6227,  0.98
6228,  0.97
6229,  0.97
6230,  0.93
6231,  0.74
6232,  0.95
6233,  0.78
6234,  0.73
6235,  0.72
6236,  0.80
6237,  1.00
6238,  0.98
6239,  0.79
6240,  0.87
6241,  0.59
6242,  0.88
6243,  0.94
6244,  0.93
6245,  0.96
6246,  0.97
6247,  0.98
6248,  0.99
6249,  0.99
6250,  0.97
6251,  0.96
6252,  0.92
6253,  0.89
6254,  0.53
6255,  0.80
6256,  0.93
6257,  0.95
6258,  0.89
6259,  0.89
6260,  0.23
6261,  0.02
6262,  0.02
6263,  0.03
6264,  0.04
6265,  0.32
6266,  0.75
6267,  0.87
6268,  0.97
6269,  0.98
6270,  0.95
6271,  0.94
6272,  0.95
6273,  0.90
6274,  0.16
6275,  0.23
6276,  0.27
6277,  0.30
6278,  0.60
6279,  0.40
6280,  0.60
6281,  0.62
6282,  0.63
6283,  0.77
6284,  0.51
6285,  0.41
6286,  0.67
6287,  0.55
6288,  0.49
6289,  0.39
6290,  0.77
6291,  0.58
6292,  0.84
6293,  0.87
6294,  0.83
6295,  0.88
6296,  0.94
6297,  0.60
6298,  0.17
6299,  0.48
6300,  0.87
6301,  0.92
6302,  0.95
6303,  0.96
6304,  0.95
6305,  0.38
6306,  0.00
6307,  0.18
6308,  0.51
6309,  0.68
6310,  0.85
6311,  0.29
6312,  0.08
6313,  0.09
6314,  0.39
6315,  0.58
6316,  0.81
6317,  0.78
6318,  0.90
6319,  0.53
6320,  0.31
6321,  0.77
6322,  0.73
6323,  0.47
6324,  0.15
6325,  0.31
6326,  0.44
6327,  0.80
6328,  0.46
6329,  0.56
6330,  0.68
6331,  0.83
6332,  0.90
6333,  0.94
6334,  0.83
6335,  0.63
6336,  0.87
6337,  0.84
6338,  0.89
6339,  0.91
6340,  0.91
6341,  0.74
6342,  0.66
6343,  0.78
6344,  0.89
6345,  0.92
6346,  0.90
6347,  0.82
6348,  0.71
6349,  0.87
6350,  0.88
6351,  0.92
6352,  0.57
6353,  0.01
6354,  0.00
6355,  0.00
6356,  0.00
6357,  0.00
6358,  0.30
6359,  0.88
6360,  0.84
6361,  0.70
6362,  0.87
6363,  0.69
6364,  0.36
6365,  0.83
6366,  0.91
6367,  0.92
6368,  0.96
6369,  0.89
6370,  0.93
6371,  0.95
6372,  0.95
6373,  0.97
6374,  0.96
6375,  0.95
6376,  0.72
6377,  0.94
6378,  0.96
6379,  0.92
6380,  0.96
6381,  0.93
6382,  0.80
6383,  0.21
6384,  0.79
6385,  0.93
6386,  0.98
6387,  0.95
6388,  0.95
6389,  0.97
6390,  0.93
6391,  0.98
6392,  0.96
6393,  0.98
6394,  0.80
6395,  0.81
6396,  0.70
6397,  0.98
6398,  0.97
6399,  0.96
6400,  0.94
6401,  0.95
6402,  0.96
6403,  0.96
6404,  0.96
6405,  0.97
6406,  0.97
6407,  0.98
6408,  0.98
6409,  0.98
6410,  0.98
6411,  0.99
6412,  0.83
6413,  0.00
6414,  0.00
6415,  0.01
6416,  0.44
6417,  0.83
6418,  0.98
6419,  0.98
6420,  0.99
6421,  0.92
6422,  0.95
6423,  0.97
6424,  0.98
6425,  0.94
6426,  0.85
6427,  0.97
6428,  0.96
6429,  0.98
6430,  0.97
6431,  0.63
6432,  0.92
6433,  0.77
6434,  0.91
6435,  0.82
6436,  0.96
6437,  0.98
6438,  0.77
6439,  0.02
6440,  0.24
6441,  0.62
6442,  0.50
6443,  0.66
6444,  0.76
6445,  0.70
6446,  0.92
6447,  0.93
6448,  0.96
6449,  0.97
6450,  0.97
6451,  0.98
6452,  0.98
6453,  0.99
6454,  0.80
6455,  0.96
6456,  0.99
6457,  0.98
6458,  0.98
6459,  0.97
6460,  0.99
6461,  0.97
6462,  0.84
6463,  0.98
6464,  0.98
6465,  0.98
6466,  0.93
6467,  0.98
6468,  0.96
6469,  0.97
6470,  0.95
6471,  0.97
6472,  0.97
6473,  0.92
6474,  0.89
6475,  0.96
6476,  0.98
6477,  0.95
6478,  0.84
6479,  0.96
6480,  0.98
6481,  0.97
6482,  0.96
6483,  0.97
6484,  0.97
6485,  0.97
6486,  0.97
6487,  0.35
6488,  0.02
6489,  0.15
6490,  0.51
6491,  0.63
6492,  0.98
6493,  0.97
6494,  0.97
6495,  0.97
6496,  0.97
6497,  0.98
6498,  0.99
6499,  0.95
6500,  0.96
6501,  0.84
6502,  0.80
6503,  0.91
6504,  1.00
6505,  1.00
6506,  1.00
6507,  0.99
6508,  1.00
6509,  0.99
6510,  0.99
6511,  1.00
6512,  1.00
6513,  1.00
6514,  0.92
6515,  0.99
6516,  0.99
6517,  0.99
6518,  0.99
6519,  0.99
6520,  0.99
6521,  0.98
6522,  0.98
6523,  0.98
6524,  0.99
6525,  0.99
6526,  0.97
6527,  0.98
6528,  0.98
6529,  0.97
6530,  0.97
6531,  0.40
6532,  0.00
6533,  0.00
6534,  0.00
6535,  0.00
6536,  0.00
6537,  0.00
6538,  0.00
6539,  0.00
6540,  0.00
6541,  0.00
6542,  0.01
6543,  0.04
6544,  0.28
6545,  0.21
6546,  0.82
6547,  0.91
6548,  0.94
6549,  1.00
6550,  0.99
6551,  0.99
6552,  0.88
6553,  0.98
6554,  0.97
6555,  0.98
6556,  0.98
6557,  0.95
6558,  0.23
6559,  0.35
6560,  0.03
6561,  0.34
6562,  0.70
6563,  0.84
6564,  0.73
6565,  0.85
6566,  0.79
6567,  0.53
6568,  0.76
6569,  0.93
6570,  0.85
6571,  0.93
6572,  0.93
6573,  0.87
6574,  0.62
6575,  0.49
6576,  0.52
6577,  0.80
6578,  0.87
6579,  0.69
6580,  0.50
6581,  0.53
6582,  0.16
6583,  0.30
6584,  0.46
6585,  0.43
6586,  0.20
6587,  0.19
6588,  0.01
6589,  0.01
6590,  0.02
6591,  0.01
6592,  0.03
6593,  0.05
6594,  0.06
6595,  0.09
6596,  0.37
6597,  0.19
6598,  0.38
6599,  0.36
6600,  0.30
6601,  0.31
6602,  0.25
6603,  0.12
6604,  0.02
6605,  0.01
6606,  0.01
6607,  0.01
6608,  0.01
6609,  0.01
6610,  0.01
6611,  0.01
6612,  0.00
6613,  0.00
6614,  0.00
6615,  0.00
6616,  0.01
6617,  0.44
6618,  0.54
6619,  0.37
6620,  0.58
6621,  0.02
6622,  0.01
6623,  0.01
6624,  0.00
6625,  0.01
6626,  0.00
6627,  0.00
6628,  0.00
6629,  0.00
6630,  0.01
6631,  0.00
6632,  0.00
6633,  0.00
6634,  0.00
6635,  0.04
6636,  0.00
6637,  0.00
6638,  0.00
6639,  0.00
6640,  0.00
6641,  0.00
6642,  0.03
6643,  0.00
6644,  0.00
6645,  0.01
6646,  0.27
6647,  0.76
6648,  0.86
6649,  0.86
6650,  0.93
6651,  0.85
6652,  0.85
6653,  0.81
6654,  0.82
6655,  0.88
6656,  0.90
6657,  0.90
6658,  0.92
6659,  0.90
6660,  0.93
6661,  0.94
6662,  0.95
6663,  0.97
6664,  0.98
6665,  0.98
6666,  0.97
6667,  0.97
6668,  0.81
6669,  0.50
6670,  0.86
6671,  0.82
6672,  0.89
6673,  0.92
6674,  0.93
6675,  0.93
6676,  0.94
6677,  0.94
6678,  0.95
6679,  0.98
6680,  0.98
6681,  0.85
6682,  0.85
6683,  0.88
6684,  0.96
6685,  0.97
6686,  0.95
6687,  0.96
6688,  0.98
6689,  0.96
6690,  0.97
6691,  0.98
6692,  0.98
6693,  0.98
6694,  0.98
6695,  0.98
6696,  0.98
6697,  0.98
6698,  0.88
6699,  0.99
6700,  0.98
6701,  0.89
6702,  0.91
6703,  0.99
6704,  0.97
6705,  0.99
6706,  0.99
6707,  0.83
6708,  0.00
6709,  0.37
6710,  0.80
6711,  0.94
6712,  0.95
6713,  0.94
6714,  0.99
6715,  1.00
6716,  0.99
6717,  0.98
6718,  0.98
6719,  0.99
6720,  0.99
6721,  0.99
6722,  0.99
6723,  1.00
6724,  0.99
6725,  0.99
6726,  0.99
6727,  0.83
6728,  1.00
6729,  0.99
6730,  1.00
6731,  0.99
6732,  0.98
6733,  0.98
6734,  0.94
6735,  0.75
6736,  0.45
6737,  0.70
6738,  0.84
6739,  0.86
6740,  0.91
6741,  0.92
6742,  0.94
6743,  0.95
6744,  0.90
6745,  0.96
6746,  0.97
6747,  0.97
6748,  0.91
6749,  0.99
6750,  0.99
6751,  0.99
6752,  0.99
6753,  0.99
6754,  0.99
6755,  0.99
6756,  0.99
6757,  0.99
6758,  0.99
6759,  1.00
6760,  0.93
6761,  0.25
6762,  0.00
6763,  0.00
6764,  0.00
6765,  0.00
6766,  0.00
6767,  0.00
6768,  0.00
6769,  0.00
6770,  0.69
6771,  0.52
6772,  0.98
6773,  0.95
6774,  0.98
6775,  0.99
6776,  0.99
6777,  0.99
6778,  1.00
6779,  1.00
6780,  0.99
6781,  0.99
6782,  0.99
6783,  0.93
6784,  1.00
6785,  1.00
6786,  1.00
6787,  1.00
6788,  1.00
6789,  1.00
6790,  1.00
6791,  1.00
6792,  1.00
6793,  1.00
6794,  1.00
6795,  1.00
6796,  1.00
6797,  1.00
6798,  1.00
6799,  1.00
6800,  1.00
6801,  1.00
6802,  0.99
6803,  1.00
6804,  1.00
6805,  1.00
6806,  1.00
6807,  1.00
6808,  1.00
6809,  0.97
6810,  1.00
6811,  1.00
6812,  1.00
6813,  1.00
6814,  1.00
6815,  1.00
6816,  1.00
6817,  1.00
6818,  1.00
6819,  0.99
6820,  1.00
6821,  1.00
6822,  1.00
6823,  1.00
6824,  1.00
6825,  1.00
6826,  0.90
6827,  1.00
6828,  1.00
6829,  1.00
6830,  1.00
6831,  1.00
6832,  1.00
6833,  0.89
6834,  0.00
6835,  0.55
6836,  0.97
6837,  1.00
6838,  1.00
6839,  0.45
6840,  0.20
6841,  0.41
6842,  0.68
6843,  0.58
6844,  0.54
6845,  0.55
6846,  0.80
6847,  0.78
6848,  0.70
6849,  0.79
6850,  0.41
6851,  0.31
6852,  0.50
6853,  0.41
6854,  0.32
6855,  0.18
6856,  0.65
6857,  0.69
6858,  0.88
6859,  0.90
6860,  0.88
6861,  0.93
6862,  0.84
6863,  0.68
6864,  0.48
6865,  0.54
6866,  0.61
6867,  0.44
6868,  0.58
6869,  0.69
6870,  0.26
6871,  0.25
6872,  0.36
6873,  0.50
6874,  0.56
6875,  0.62
6876,  0.70
6877,  0.73
6878,  0.78
6879,  0.80
6880,  0.80
6881,  0.80
6882,  0.80
6883,  0.69
6884,  0.79
6885,  0.60
6886,  0.88
6887,  0.62
6888,  0.72
6889,  0.78
6890,  0.92
6891,  0.95
6892,  0.81
6893,  0.82
6894,  0.71
6895,  0.66
6896,  0.82
6897,  0.83
6898,  0.93
6899,  0.93
6900,  0.96
6901,  0.93
6902,  0.91
6903,  0.88
6904,  0.93
6905,  0.94
6906,  0.98
6907,  0.98
6908,  0.98
6909,  0.80
6910,  0.47
6911,  0.28
6912,  0.52
6913,  0.36
6914,  0.46
6915,  0.44
6916,  0.64
6917,  0.58
6918,  0.21
6919,  0.10
6920,  0.00
6921,  0.00
6922,  0.00
6923,  0.00
6924,  0.00
6925,  0.00
6926,  0.00
6927,  0.00
6928,  0.00
6929,  0.00
6930,  0.00
6931,  0.01
6932,  0.00
6933,  0.00
6934,  0.00
6935,  0.00
6936,  0.00
6937,  0.00
6938,  0.22
6939,  0.00
6940,  0.09
6941,  0.16
6942,  0.02
6943,  0.18
6944,  0.36
6945,  0.09
6946,  0.13
6947,  0.18
6948,  0.34
6949,  0.79
6950,  0.14
6951,  0.47
6952,  0.56
6953,  0.31
6954,  0.11
6955,  0.08
6956,  0.01
6957,  0.47
6958,  0.45
6959,  0.28
6960,  0.43
6961,  0.37
6962,  0.28
6963,  0.13
6964,  0.11
6965,  0.36
6966,  0.23
6967,  0.10
6968,  0.16
6969,  0.28
6970,  0.36
6971,  0.34
6972,  0.49
6973,  0.04
6974,  0.16
6975,  0.07
6976,  0.20
6977,  0.32
6978,  0.29
6979,  0.08
6980,  0.16
6981,  0.36
6982,  0.37
6983,  0.57
6984,  0.90
6985,  0.31
6986,  0.22
6987,  0.35
6988,  0.06
6989,  0.17
6990,  0.02
6991,  0.28
6992,  0.83
6993,  0.91
6994,  0.98
6995,  0.98
6996,  0.96
6997,  0.95
6998,  0.96
6999,  0.57
7000,  0.98
7001,  0.85
7002,  0.17
7003,  0.59
7004,  0.64
7005,  0.75
7006,  0.12
7007,  0.13
7008,  0.12
7009,  0.05
7010,  0.04
7011,  0.07
7012,  0.11
7013,  0.61
7014,  0.95
7015,  0.91
7016,  0.91
7017,  0.94
7018,  0.91
7019,  0.95
7020,  0.94
7021,  0.93
7022,  0.94
7023,  0.39
7024,  0.16
7025,  0.76
7026,  0.86
7027,  0.73
7028,  0.90
7029,  0.99
7030,  0.93
7031,  0.99
7032,  0.99
7033,  0.99
7034,  0.99
7035,  0.99
7036,  1.00
7037,  0.99
7038,  0.99
7039,  0.99
7040,  1.00
7041,  1.00
7042,  1.00
7043,  1.00
7044,  0.92
7045,  0.79
7046,  0.68
7047,  0.99
7048,  0.99
7049,  0.95
7050,  0.95
7051,  0.96
7052,  0.97
7053,  0.95
7054,  0.99
7055,  0.98
7056,  0.99
7057,  0.98
7058,  0.99
7059,  0.98
7060,  0.98
7061,  0.99
7062,  0.99
7063,  0.98
7064,  0.99
7065,  0.98
7066,  0.98
7067,  0.98
7068,  0.98
7069,  0.87
7070,  0.97
7071,  0.99
7072,  0.99
7073,  0.56
7074,  0.99
7075,  0.85
7076,  0.95
7077,  0.94
7078,  0.95
7079,  0.99
7080,  0.97
7081,  0.93
7082,  0.88
7083,  0.95
7084,  0.96
7085,  0.97
7086,  0.97
7087,  0.97
7088,  0.96
7089,  0.57
7090,  0.52
7091,  0.38
7092,  0.31
7093,  0.59
7094,  0.97
7095,  0.83
7096,  0.54
7097,  0.36
7098,  0.50
7099,  0.85
7100,  0.94
7101,  0.96
7102,  0.92
7103,  0.94
7104,  0.97
7105,  0.99
7106,  0.92
7107,  0.99
7108,  0.99
7109,  0.98
7110,  0.98
7111,  0.96
7112,  0.95
7113,  0.95
7114,  0.98
7115,  0.96
7116,  0.95
7117,  0.95
7118,  0.96
7119,  0.97
7120,  0.76
7121,  0.25
7122,  0.69
7123,  0.61
7124,  0.28
7125,  0.06
7126,  0.09
7127,  0.17
7128,  0.03
7129,  0.04
7130,  0.14
7131,  0.09
7132,  0.12
7133,  0.26
7134,  0.13
7135,  0.43
7136,  0.65
7137,  0.85
7138,  0.90
7139,  0.91
7140,  0.93
7141,  0.94
7142,  0.93
7143,  0.90
7144,  0.91
7145,  0.95
7146,  0.92
7147,  0.93
7148,  0.96
7149,  0.94
7150,  0.96
7151,  0.84
7152,  0.61
7153,  0.90
7154,  0.90
7155,  0.94
7156,  0.96
7157,  0.95
7158,  0.90
7159,  0.52
7160,  0.51
7161,  0.81
7162,  0.97
7163,  0.99
7164,  1.00
7165,  0.95
7166,  0.99
7167,  0.93
7168,  0.98
7169,  0.97
7170,  0.97
7171,  0.99
7172,  0.98
7173,  0.97
7174,  0.97
7175,  0.97
7176,  0.98
7177,  0.97
7178,  0.96
7179,  0.97
7180,  0.98
7181,  0.97
7182,  0.94
7183,  0.96
7184,  0.97
7185,  0.97
7186,  0.93
7187,  0.69
7188,  0.16
7189,  0.58
7190,  0.92
7191,  0.96
7192,  0.97
7193,  0.98
7194,  0.98
7195,  0.98
7196,  0.99
7197,  1.00
7198,  1.00
7199,  0.99
7200,  0.99
7201,  0.99
7202,  0.94
7203,  0.92
7204,  0.91
7205,  0.89
7206,  0.86
7207,  0.87
7208,  0.85
7209,  0.84
7210,  0.86
7211,  0.76
7212,  0.84
7213,  0.96
7214,  0.97
7215,  0.75
7216,  0.84
7217,  0.94
7218,  0.98
7219,  0.99
7220,  1.00
7221,  0.99
7222,  1.00
7223,  1.00
7224,  1.00
7225,  0.24
7226,  0.01
7227,  0.54
7228,  0.58
7229,  0.62
7230,  0.67
7231,  0.74
7232,  0.70
7233,  0.52
7234,  0.46
7235,  0.31
7236,  0.12
7237,  0.06
7238,  0.00
7239,  0.52
7240,  0.65
7241,  0.22
7242,  0.13
7243,  0.09
7244,  0.20
7245,  0.58
7246,  0.50
7247,  0.44
7248,  0.54
7249,  0.95
7250,  0.89
7251,  0.84
7252,  0.81
7253,  0.35
7254,  0.20
7255,  0.58
7256,  0.93
7257,  0.94
7258,  0.94
7259,  0.92
7260,  0.88
7261,  0.91
7262,  0.88
7263,  0.96
7264,  0.98
7265,  0.98
7266,  0.97
7267,  0.92
7268,  0.97
7269,  0.97
7270,  0.98
7271,  0.99
7272,  0.99
7273,  1.00
7274,  0.99
7275,  1.00
7276,  0.99
7277,  0.98
7278,  0.99
7279,  0.99
7280,  0.99
7281,  0.34
7282,  0.03
7283,  0.00
7284,  0.00
7285,  0.00
7286,  0.00
7287,  0.00
7288,  0.00
7289,  0.00
7290,  0.00
7291,  0.00
7292,  0.00
7293,  0.01
7294,  0.03
7295,  0.08
7296,  0.10
7297,  0.12
7298,  0.35
7299,  0.26
7300,  0.70
7301,  0.63
7302,  0.45
7303,  0.21
7304,  0.23
7305,  0.23
7306,  0.03
7307,  0.15
7308,  0.13
7309,  0.50
7310,  0.46
7311,  0.24
7312,  0.14
7313,  0.08
7314,  0.65
7315,  0.50
7316,  0.44
7317,  0.60
7318,  0.31
7319,  0.16
7320,  0.22
7321,  0.28
7322,  0.27
7323,  0.40
7324,  0.51
7325,  0.73
7326,  0.92
7327,  0.97
7328,  0.97
7329,  0.97
7330,  0.72
7331,  0.11
7332,  0.17
7333,  0.19
7334,  0.48
7335,  0.61
7336,  0.03
7337,  0.11
7338,  0.19
7339,  0.45
7340,  0.49
7341,  0.85
7342,  0.91
7343,  0.90
7344,  0.93
7345,  0.92
7346,  0.94
7347,  0.93
7348,  0.95
7349,  0.96
7350,  0.97
7351,  0.98
7352,  0.98
7353,  0.98
7354,  0.77
7355,  0.83
7356,  0.65
7357,  0.98
7358,  1.00
7359,  1.00
7360,  1.00
7361,  1.00
7362,  0.58
7363,  0.58
7364,  0.60
7365,  0.12
7366,  0.39
7367,  0.32
7368,  0.21
7369,  0.39
7370,  0.19
7371,  0.38
7372,  0.47
7373,  0.33
7374,  0.20
7375,  0.38
7376,  0.11
7377,  0.00
7378,  0.00
7379,  0.00
7380,  0.00
7381,  0.00
7382,  0.00
7383,  0.01
7384,  0.02
7385,  0.11
7386,  0.00
7387,  0.00
7388,  0.00
7389,  0.00
7390,  0.35
7391,  0.53
7392,  0.72
7393,  0.08
7394,  0.06
7395,  0.02
7396,  0.01
7397,  0.03
7398,  0.05
7399,  0.21
7400,  0.18
7401,  0.25
7402,  0.17
7403,  0.26
7404,  0.17
7405,  0.40
7406,  0.55
7407,  0.48
7408,  0.77
7409,  0.74
7410,  0.75
7411,  0.94
7412,  0.90
7413,  0.95
7414,  0.98
7415,  0.97
7416,  0.97
7417,  0.96
7418,  0.97
7419,  0.99
7420,  0.99
7421,  0.72
7422,  0.22
7423,  0.07
7424,  0.04
7425,  0.00
7426,  0.01
7427,  0.04
7428,  0.01
7429,  0.02
7430,  0.01
7431,  0.02
7432,  0.03
7433,  0.43
7434,  0.79
7435,  0.57
7436,  0.13
7437,  0.37
7438,  0.47
7439,  0.66
7440,  0.07
7441,  0.45
7442,  0.83
7443,  0.91
7444,  0.92
7445,  0.87
7446,  0.95
7447,  0.96
7448,  0.96
7449,  0.95
7450,  0.94
7451,  0.95
7452,  0.95
7453,  0.95
7454,  0.87
7455,  0.86
7456,  0.50
7457,  0.80
7458,  0.84
7459,  0.67
7460,  0.53
7461,  0.74
7462,  0.92
7463,  0.96
7464,  0.95
7465,  0.94
7466,  0.97
7467,  0.97
7468,  0.97
7469,  0.97
7470,  0.99
7471,  0.99
7472,  0.99
7473,  0.98
7474,  0.98
7475,  0.98
7476,  0.95
7477,  0.85
7478,  0.96
7479,  0.99
7480,  0.99
7481,  0.99
7482,  0.99
7483,  0.99
7484,  0.99
7485,  0.99
7486,  0.99
7487,  0.99
7488,  0.99
7489,  1.00
7490,  0.99
7491,  0.99
7492,  0.99
7493,  0.99
7494,  0.99
7495,  0.96
7496,  0.33
7497,  0.40
7498,  0.41
7499,  0.37
7500,  0.29
7501,  0.64
7502,  0.79
7503,  0.75
7504,  0.52
7505,  0.54
7506,  0.47
7507,  0.64
7508,  0.75
7509,  0.85
7510,  0.90
7511,  0.92
7512,  0.87
7513,  0.94
7514,  0.97
7515,  0.99
7516,  0.99
7517,  0.99
7518,  0.99
7519,  1.00
7520,  1.00
7521,  1.00
7522,  1.00
7523,  0.81
7524,  0.71
7525,  0.77
7526,  0.48
7527,  0.98
7528,  0.98
7529,  0.98
7530,  1.00
7531,  1.00
7532,  0.99
7533,  0.99
7534,  1.00
7535,  0.99
7536,  1.00
7537,  1.00
7538,  1.00
7539,  1.00
7540,  1.00
7541,  0.97
7542,  0.99
7543,  1.00
7544,  1.00
7545,  0.99
7546,  1.00
7547,  0.99
7548,  0.99
7549,  0.98
7550,  0.99
7551,  0.99
7552,  1.00
7553,  1.00
7554,  1.00
7555,  1.00
7556,  1.00
7557,  1.00
7558,  1.00
7559,  1.00
7560,  1.00
7561,  1.00
7562,  1.00
7563,  1.00
7564,  1.00
7565,  1.00
7566,  1.00
7567,  1.00
7568,  0.99
7569,  1.00
7570,  1.00
7571,  1.00
7572,  1.00
7573,  1.00
7574,  1.00
7575,  0.99
7576,  1.00
7577,  1.00
7578,  1.00
7579,  1.00
7580,  0.99
7581,  0.99
7582,  1.00
7583,  1.00
7584,  1.00
7585,  1.00
7586,  1.00
7587,  1.00
7588,  1.00
7589,  1.00
7590,  0.98
7591,  1.00
7592,  1.00
7593,  1.00
7594,  1.00
7595,  1.00
7596,  1.00
7597,  1.00
7598,  1.00
7599,  1.00
7600,  1.00
7601,  1.00
7602,  0.99
7603,  1.00
7604,  1.00
7605,  1.00
7606,  1.00
7607,  1.00
7608,  1.00
7609,  1.00
7610,  1.00
7611,  1.00
7612,  1.00
7613,  1.00
7614,  1.00
7615,  1.00
7616,  0.97
7617,  1.00
7618,  1.00
7619,  1.00
7620,  1.00
7621,  1.00
7622,  1.00
7623,  0.99
